日期	总成交金额	总成交数量	日均成交金额
2009-01-04	1.61674229E8	460360	2824.3031019202363
2009-01-05	1.41471095E8	419527	2823.4918181666494
2009-01-06	8.4491048E7	206177	2798.935016999956
2009-01-07	1.13116729E8	332283	2811.22417337029
2009-01-08	8.6225458E7	220036	2782.8197294988095
2009-01-09	9.6528746E7	212408	2791.7641614251816
2009-01-12	1.88201601E8	634212	2849.9666862184886
2009-01-13	1.21582221E8	339050	2848.2037959003096
2009-01-14	1.66679271E8	555477	2904.5238362704486
2009-01-15	8.2333494E7	226080	2945.673332448691
2009-01-16	4.8624285E7	138709	2950.037575067227
2009-01-19	8.7569873E7	234516	2974.76118900203
2009-01-20	7.5063762E7	183062	2934.3667118244093
2009-01-21	6.2252254E7	110279	2904.227250881854
2009-01-22	4.9752893E7	91418	2932.152595768886
2009-01-23	4.3767939E7	71510	2922.1400503426094
2009-02-01	6.109498E7	126523	2952.6363032808263
2009-02-02	1.03803403E8	226446	2982.0325596389425
2009-02-03	1.45494759E8	318624	2987.458568720498
2009-02-04	2.08408229E8	594369	3051.6563447959097
2009-02-05	1.40521358E8	269688	3064.9816936608227
2009-02-06	1.63774671E8	368900	3102.7200325291406
2009-02-09	1.75265846E8	467584	3186.484426327676
2009-02-10	1.72737017E8	520725	3184.685530750396
2009-02-11	2.28125451E8	738274	3242.149597574884
2009-02-12	3.20277483E8	985681	3292.1015085002145
2009-02-13	2.70191877E8	921296	3336.6494297163995
2009-02-16	2.76173547E8	893141	3424.006519687261
2009-02-17	1.65789188E8	465774	3346.1189804497462
2009-02-18	2.49491412E8	758884	3351.323853184413
2009-02-19	9.3659419E7	218923	3378.1025748779252
2009-02-20	1.7402657E8	519934	3358.500932810703
2009-02-23	3.12776622E8	774140	3426.792445810835
2009-02-24	2.09223957E8	488150	3474.0888579330126
2009-02-25	2.47051737E8	761192	3468.0375437471753
2009-02-26	1.83939351E8	536085	3505.494514862382
2009-02-27	1.57960941E8	462966	3504.7405878617437
2009-03-02	2.29997197E8	663333	3545.5754862188373
2009-03-03	2.19288661E8	708595	3548.843229207093
2009-03-04	2.47776507E8	925744	3485.4254934409514
2009-03-05	1.31999257E8	438060	3493.016242067297
2009-03-06	7.8985332E7	162770	3469.3606377096517
2009-03-09	7.3816621E7	168206	3464.1266126059713
2009-03-10	1.3201029E8	345953	3486.470006041283
2009-03-11	3.00909857E8	935498	3569.455060299434
2009-03-12	3.04015699E8	791239	3635.018356021379
2009-03-13	3.98584614E8	1366856	3656.5607101260116
2009-03-16	4.8531029E8	2195526	3741.4502643102383
2009-03-17	1.98406825E8	810440	3744.8763671585807
2009-03-18	3.48763815E8	1433852	3765.1012712609113
2009-03-19	3.06376613E8	1062064	3709.443505287817
2009-03-20	1.30592903E8	354923	3723.7638135595607
2009-03-23	1.29165989E8	416990	3718.076505431785
2009-03-24	1.45707628E8	384707	3733.402501124232
2009-03-25	8.4043114E7	161360	3666.4746653445713
2009-03-26	1.75074084E8	461989	3679.338192034875
2009-03-27	8.9559064E7	186441	3665.8695619525747
2009-03-30	1.40336311E8	413403	3697.8661088574586
2009-03-31	1.10152284E8	232481	3706.591699966879
2009-04-01	1.74115442E8	523725	3709.9728426177862
2009-04-02	1.08567841E8	342145	3691.6673866343217
2009-04-03	8.9822813E7	220493	3699.0163950783017
2009-04-07	5.0341287E7	128342	3683.7989356562935
2009-04-08	7.0600737E7	165494	3664.7662030043384
2009-04-09	1.30401708E8	372439	3683.9266859807913
2009-04-10	2.16580124E8	652593	3745.728369749599
2009-04-13	1.73614088E8	548092	3749.058200083198
2009-04-14	8.7783033E7	196843	3762.3442235690372
2009-04-15	5.9957955E7	134684	3735.785007870274
2009-04-16	1.03574985E8	269580	3730.4497737220863
2009-04-17	8.1127279E7	172461	3712.114738984466
2009-04-20	6.6478125E7	158806	3738.111286727202
2009-04-21	9.4051482E7	214759	3739.402860881267
2009-04-22	7.3902709E7	139073	3710.4207790153373
2009-04-23	6.5491467E7	124494	3710.7500763088983
2009-04-24	9.3579881E7	202816	3730.091629851688
2009-04-27	1.27982579E8	276041	3805.6328733775053
2009-04-28	9.0444388E7	247709	3782.2159832706925
2009-04-29	1.27497989E8	337452	3823.177711200408
2009-04-30	1.62398342E8	426542	3869.1577054545623
2009-05-04	1.21001073E8	400862	3794.7012388303206
2009-05-05	7.8223397E7	180440	3814.769812680115
2009-05-06	4.4362311E7	105472	3826.595854824029
2009-05-07	9.2327383E7	196189	3863.698489721646
2009-05-08	9.0334118E7	182596	3829.6106212622403
2009-05-11	5.8985044E7	142079	3835.4262910071157
2009-05-12	6.6485761E7	127737	3823.5761682206407
2009-05-13	1.44684937E8	345210	3845.7287969641666
2009-05-14	1.32031908E8	289403	3852.949883035076
2009-05-15	8.6412492E7	205408	3855.770554214052
2009-05-18	5.1756622E7	83579	3830.0028117110755
2009-05-19	8.5086007E7	160749	3834.6151018046767
2009-05-20	1.00229732E8	223453	3812.299091979074
2009-05-21	1.07132326E8	178968	3824.4043683787045
2009-05-22	7.8799866E7	227905	3810.1650907176236
2009-05-25	7.5213157E7	151441	3889.042029569271
2009-05-26	4.7976268E7	91036	3837.3536732721122
2009-05-27	9.9576139E7	190003	3875.8428709020386
2009-05-31	4.6508628E7	86237	3834.7395897352644
2009-06-01	1.3599767E8	347149	3876.7066763839157
2009-06-02	1.51855763E8	407390	3924.23619136454
2009-06-03	1.11618934E8	253230	3925.6737906251233
2009-06-04	9.4689626E7	221093	3929.814720502232
2009-06-05	2.23400661E8	679499	3975.515497447384
2009-06-08	1.78435839E8	435063	3941.775324493234
2009-06-09	8.9398663E7	309948	3912.8228412507906
2009-06-10	8.7485791E7	235279	3889.4763663565386
2009-06-11	8.5013394E7	179618	3913.0799140397958
2009-06-12	4.5635519E7	102741	3921.9157201117373
2009-06-15	1.36568532E8	333765	3882.2619447815077
2009-06-16	9.5286014E7	256122	3840.4866743192697
2009-06-17	1.0714468E8	234398	3894.2682275446036
2009-06-18	6.5437729E7	131442	3883.26953333029
2009-06-19	6.4793993E7	119128	3852.6931200053723
2009-06-22	8.2971186E7	184641	3904.211426497907
2009-06-23	5.9652265E7	95836	3856.790016277808
2009-06-24	1.72572061E8	456973	3854.379948049447
2009-06-25	1.38984311E8	410266	3808.712340286546
2009-06-26	1.3742623E8	343815	3934.671910765964
2009-06-29	5.0577848E7	128058	3967.3276327913914
2009-06-30	1.46220945E8	363295	3901.9250443854166
2009-07-01	1.81136689E8	471979	3963.2142934325466
2009-07-02	2.70811422E8	729718	3912.989316420864
2009-07-03	1.81000341E8	581157	3904.2114815789882
2009-07-06	9.0543556E7	299190	3872.252692269127
2009-07-07	1.92392518E8	451687	3865.318490459101
2009-07-08	1.40031013E8	361793	3855.4410256693745
2009-07-09	2.2270813E8	592768	3866.343969310084
2009-07-10	2.19315133E8	603942	3888.058946057734
2009-07-13	2.02564365E8	597816	3863.8527105330068
2009-07-14	1.15641123E8	317536	3889.753076816487
2009-07-15	2.03054846E8	990141	3844.3137391543223
2009-07-16	1.75032088E8	524313	3835.415831764614
2009-07-17	8.5191025E7	192116	3821.746429240667
2009-07-20	9.5443567E7	177109	3837.9819659080003
2009-07-21	7.3408986E7	227031	3821.253701036422
2009-07-22	9.0895352E7	290280	3831.7953493178998
2009-07-23	1.38133664E8	322447	3806.9609455197287
2009-07-24	9.2617154E7	182968	3801.2623136286124
2009-07-27	1.48746757E8	429918	3782.216171455952
2009-07-28	2.03355551E8	547141	3788.607625822229
2009-07-29	7.0918816E7	191799	3790.3220454746897
2009-07-30	1.2998552E8	288703	3802.080383646862
2009-07-31	3.72791367E8	1298483	3829.1037171838216
2009-08-03	4.88045797E8	1883238	3866.5709336791206
2009-08-04	2.88857488E8	1028612	3918.6341574860103
2009-08-05	2.71516183E8	758641	3927.250193438003
2009-08-06	2.13369689E8	482450	3917.6791377344803
2009-08-07	2.25792443E8	677483	3909.445287926044
2009-08-10	3.8498145E7	130497	4022.397756270259
2009-08-11	3.42958153E8	1328322	4178.034879344014
2009-08-12	3.19246068E8	986581	4238.364656323201
2009-08-13	3.71323521E8	1088677	4368.362390314115
2009-08-14	1.82730046E8	432931	4257.800734990103
2009-08-17	1.94228453E8	412915	4317.290178366007
2009-08-18	2.54793677E8	669906	4282.807511800163
2009-08-19	1.91256141E8	509815	4222.728246520796
2009-08-20	1.98328569E8	474086	4166.298260231266
2009-08-21	1.41054132E8	303121	4142.082531398352
2009-08-24	9.9138607E7	248435	4190.164336748043
2009-08-25	1.79735185E8	425539	4247.2325286283985
2009-08-26	1.12906913E8	239510	4202.360694751785
2009-08-27	1.59905193E8	324752	4274.299268364783
2009-08-28	3.9944755E8	1262047	4417.841547105615
2009-08-31	3.42891636E8	1209203	4367.763657549643
2009-09-01	2.42172206E8	633090	4219.823535358322
2009-09-02	1.40308823E8	386848	4169.944202891058
2009-09-03	1.9778919E8	527276	4200.80669895842
2009-09-04	1.66981482E8	475041	4148.312271993364
2009-09-07	1.41009412E8	370634	4130.376333525796
2009-09-08	1.66323705E8	398020	4108.482930506005
2009-09-09	7.9793484E7	174709	4178.174244028642
2009-09-10	1.94253502E8	504686	4175.7384690678955
2009-09-11	2.29394458E8	456101	4220.700958778867
2009-09-14	1.3285188E8	288445	4201.648841200229
2009-09-15	1.5575198E8	378420	4268.1384044183715
2009-09-16	9.4647383E7	189743	4255.107882767744
2009-09-17	1.3627242E8	255270	4280.855031926979
2009-09-18	9.9460787E7	247899	4273.805077874457
2009-09-21	1.66692113E8	355636	4318.225514289892
2009-09-22	1.14299551E8	172937	4323.758900640118
2009-09-23	1.59280169E8	379620	4297.473871239661
2009-09-24	1.62522859E8	365268	4262.823452916762
2009-09-25	1.08026946E8	252383	4221.1598483257585
2009-09-27	9.1040019E7	155271	4286.695165227248
2009-09-28	6.1569469E7	121771	4271.78827471237
2009-09-29	1.1156135E8	228086	4298.004002876108
2009-09-30	1.55386149E8	319485	4309.656888429817
2009-10-09	7.5288592E7	140045	4253.86080902567
2009-10-10	1.95629891E8	406128	4196.043210514911
2009-10-12	1.42961857E8	267804	4167.105278487252
2009-10-13	1.33307133E8	210916	4208.904473818961
2009-10-14	1.38483056E8	301877	4221.0166922289545
2009-10-15	1.57158877E8	361363	4210.096689478447
2009-10-16	1.60695488E8	317320	4184.187173830834
2009-10-19	2.49395589E8	573379	4206.904980824202
2009-10-20	2.32039078E8	483164	4228.060544659785
2009-10-21	2.17992394E8	410653	4185.7666594424
2009-10-22	2.03411357E8	395606	4165.685004777481
2009-10-23	2.42342724E8	500481	4232.252171411103
2009-10-26	2.07064303E8	464657	4351.524257678245
2009-10-27	1.84502042E8	383346	4372.6418222702205
2009-10-28	2.46419581E8	509828	4399.268398361801
2009-10-29	1.61117582E8	328872	4370.015112262521
2009-10-30	2.72580675E8	784598	4406.487961988178
2009-11-02	1.25539934E8	275530	4341.102293761115
2009-11-03	1.65680524E8	344923	4384.230463030879
2009-11-04	2.28909353E8	710727	4431.693440660057
2009-11-05	8.4768805E7	172051	4359.8874287275285
2009-11-06	1.36148621E8	443005	4374.516811322671
2009-11-09	1.40883224E8	364338	4407.472440426198
2009-11-10	1.58610167E8	328282	4400.334928506589
2009-11-11	1.09027446E8	206978	4377.5763172897605
2009-11-12	8.8361936E7	154178	4361.956323210834
2009-11-13	1.65148288E8	321720	4346.563760412781
2009-11-16	1.63239951E8	497780	4374.049535939572
2009-11-17	2.37577154E8	795960	4420.332279260264
2009-11-18	1.35826536E8	303933	4405.322906693252
2009-11-19	1.35254784E8	364891	4394.2526398294285
2009-11-20	1.71557849E8	472508	4408.994776808012
2009-11-23	3.31357199E8	1356902	4489.929981678853
2009-11-24	1.96942558E8	395241	4460.032648434752
2009-11-25	1.34161828E8	364020	4436.80016757321
2009-11-26	2.03746501E8	513841	4495.445647583591
2009-11-27	1.5051361E8	344668	4463.050793807374
2009-11-30	2.22368888E8	511799	4595.376407534989
2009-12-01	1.26900535E8	214060	4604.1463982061105
2009-12-02	2.76568808E8	648636	4651.019174082228
2009-12-03	2.4948137E8	584362	4770.451245974242
2009-12-04	3.10871391E8	678337	4821.303761994407
2009-12-07	1.62472612E8	455576	4926.605229423851
2009-12-08	2.45902191E8	699450	4986.621495460719
2009-12-09	3.09559662E8	884155	5019.907570505172
2009-12-10	2.58008703E8	614841	4964.979258052082
2009-12-11	2.27986536E8	473670	4963.980157071379
2009-12-14	2.84244436E8	765637	4956.367941988175
2009-12-15	2.85497146E8	785796	5000.581680232529
2009-12-16	2.50291524E8	544858	4979.850320634
2009-12-17	2.03302706E8	439424	5029.302140984561
2009-12-18	1.26451218E8	251251	4991.390704912617
2009-12-21	2.28503346E8	497675	4995.610822323806
2009-12-22	2.23991238E8	493129	5001.666075205474
2009-12-23	2.73037805E8	603199	5042.317933219385
2009-12-24	3.42158636E8	898217	5113.757902600374
2009-12-25	3.18462558E8	837457	5223.624034428036
2009-12-28	1.90306202E8	412878	5207.846078018204
2009-12-29	2.40742637E8	422546	5317.808986477212
2009-12-30	3.58045192E8	830441	5196.501773154264
2009-12-31	2.21909416E8	495953	5184.091492540624
2010-01-04	1.5683573E7	71408	5393.677655164687
2010-01-05	2.3754892E8	638683	5480.010114563876
2010-01-06	3.25213365E8	746852	5527.715768318221
2010-01-07	3.0865647E8	780179	5510.400988747454
2010-01-08	1.02014356E8	200808	5302.467048125573
2010-01-11	2.56456503E8	598738	5220.142900567527
2010-01-12	2.17676648E8	400069	5190.317425244145
2010-01-13	2.47500188E8	509337	5187.998484304105
2010-01-14	4.308496E8	1433013	5055.536903712667
2010-01-15	2.90708337E8	745989	5033.305303429407
2010-01-18	2.83249273E8	518220	5044.876602601212
2010-01-19	1.99485218E8	427982	5028.421973354019
2010-01-20	2.50948276E8	503748	5103.933790307852
2010-01-21	2.82958502E8	717789	5193.4307588999
2010-01-22	2.9636818E8	512830	5206.711617885069
2010-01-25	1.85227558E8	397374	5188.58439907996
2010-01-26	3.53102746E8	655634	5263.216601030453
2010-01-27	1.49019151E8	240124	5240.312117905749
2010-01-28	1.09780136E8	306129	5051.836924956473
2010-01-29	1.96164571E8	420308	5072.540558352446
2010-02-01	1.56898977E8	235995	5123.548863323375
2010-02-02	3.79402602E8	542541	5229.782433032711
2010-02-03	4.26393309E8	864339	5306.077360850314
2010-02-04	2.77649538E8	498902	5312.563353123459
2010-02-05	1.54724007E8	310186	5188.168956690502
2010-02-08	3.52081823E8	644088	5283.859381016258
2010-02-09	1.55545569E8	206385	5301.603101000557
2010-02-10	3.19731094E8	556359	5399.302062157708
2010-02-11	3.90844582E8	748348	5494.622785121361
2010-02-12	2.5306451E8	386966	5592.34632500013
2010-02-21	3.57244267E8	809990	5700.750322843492
2010-02-22	7.05429878E8	1182429	5656.134027497634
2010-02-23	4.58513945E8	669949	5559.062058455196
2010-02-24	3.44813575E8	512554	5592.623231893615
2010-02-25	4.10732161E8	704537	5597.928313204275
2010-02-26	3.61172681E8	319560	5582.38512329453
2010-03-01	2.95161762E8	246119	5591.379755321613
2010-03-02	3.01712444E8	439034	5502.38008673588
2010-03-03	2.08288482E8	285289	5511.867958456162
2010-03-04	1.93170699E8	269172	5464.193448798538
2010-03-05	2.21222192E8	301987	5487.307271505065
2010-03-08	2.52852506E8	256655	5518.954545985856
2010-03-09	2.68089174E8	207445	5507.26632119357
2010-03-10	3.47264357E8	473870	5394.1576867073245
2010-03-11	1.57787568E8	297418	5228.551019104425
2010-03-12	2.53699436E8	491926	5161.8603550127455
2010-03-15	2.11940018E8	397505	5155.958050842128
2010-03-16	1.16811293E8	228432	5098.97816855782
2010-03-17	1.40220786E8	248094	5076.3493595169575
2010-03-18	2.71026176E8	294916	5178.782643193316
2010-03-19	2.0397242E8	348556	5239.023494072689
2010-03-22	1.56574325E8	158926	5219.840435171086
2010-03-23	2.05875072E8	313549	5119.507416703609
2010-03-24	1.74563428E8	379826	4994.722014817311
2010-03-25	1.30897756E8	235871	5070.128934883898
2010-03-26	1.80251921E8	332197	5058.79943226459
2010-03-29	1.91664041E8	341919	5168.3664756857615
2010-03-30	2.22900958E8	317192	5172.327170924866
2010-03-31	9.6652093E7	123871	5161.5701738098505
2010-04-01	1.12814223E8	189598	5091.890088503043
2010-04-02	1.36604029E8	213809	5156.6784934216985
2010-04-06	8.9805674E7	139339	5201.316939263235
2010-04-07	1.09585383E8	179881	5164.816734396629
2010-04-08	1.1580476E8	185417	5187.602469029269
2010-04-09	9.9827992E7	155761	5185.577911030361
2010-04-12	1.29965373E8	185028	5236.147431740061
2010-04-13	1.13392953E8	132496	5222.933620637604
2010-04-14	1.13582536E8	126756	5229.178445201805
2010-04-15	1.62981414E8	223330	5224.054838131912
2010-04-16	8.5908187E7	99233	5196.681476928038
2010-04-19	1.73911833E8	294711	5133.081462856832
2010-04-20	7.6309685E7	118749	5142.1468138679065
2010-04-21	1.03435646E8	157168	5126.618306525502
2010-04-22	1.14721215E8	158016	5159.856286705144
2010-04-23	1.20880237E8	138478	5173.642073109086
2010-04-26	2.43374321E8	376284	5069.587253244889
2010-04-27	1.40436495E8	264353	5023.325383105166
2010-04-28	2.60740287E8	480898	5083.876439494446
2010-04-29	1.0773184E8	211571	5005.251589300991
2010-04-30	1.34645983E8	145010	5022.919805530653
2010-05-04	2.24520257E8	375558	4964.103720330814
2010-05-05	9.4595431E7	170812	4888.939933962485
2010-05-06	1.17328003E8	223913	4916.909451438729
2010-05-07	1.12437239E8	199399	4862.261270116701
2010-05-10	1.91008593E8	397998	4940.665779727537
2010-05-11	1.29457632E8	229048	4967.834401522825
2010-05-12	1.43554557E8	243485	5001.102351274206
2010-05-13	1.99641102E8	405636	5061.41980001775
2010-05-14	1.2007439E8	235451	4985.994691039749
2010-05-17	1.54004323E8	338113	4870.207389245607
2010-05-18	2.49120623E8	577534	4933.372487160929
2010-05-19	1.92529662E8	389284	4975.316945982881
2010-05-20	1.08657196E8	207629	5001.784081221795
2010-05-21	1.1632542E8	200900	4960.716460925833
2010-05-24	1.72878225E8	301965	5030.363313629063
2010-05-25	1.04159782E8	141301	5011.87196835125
2010-05-26	6.9192923E7	100018	5014.155152072627
2010-05-27	7.6661326E7	105158	5016.325110785675
2010-05-28	1.69089183E8	263255	4977.0837400999035
2010-05-31	1.22910077E8	208417	4886.4304303391755
2010-06-01	1.33510933E8	237995	4881.478077270531
2010-06-02	2.0009173E8	304168	4949.750719996844
2010-06-03	1.51657862E8	246449	4953.125222662701
2010-06-04	1.40498569E8	230791	4987.606951744218
2010-06-07	2.04637943E8	360522	4921.6680812821405
2010-06-08	1.28582026E8	203202	4959.597095501029
2010-06-09	1.66672269E8	285952	5050.102915873993
2010-06-10	1.43397756E8	219131	4984.718524535552
2010-06-11	1.69212429E8	260942	4983.117114147972
2010-06-12	3.45263347E8	511266	5050.308678848192
2010-06-13	9.8334623E7	107587	5091.121315772351
2010-06-17	1.40884348E8	289070	5075.594330093057
2010-06-18	1.38306648E8	222309	5019.451668623403
2010-06-21	2.2338634E8	426965	5093.528148677292
2010-06-22	1.32953902E8	185721	5062.03769632944
2010-06-23	1.17749717E8	271623	5040.683149070587
2010-06-24	1.7671858E8	280085	5082.348337111948
2010-06-25	2.82966116E8	421388	5162.2633558620555
2010-06-28	3.00924056E8	473318	5036.994257560456
2010-06-29	4.15427661E8	551439	4993.320564921959
2010-06-30	2.52728771E8	283482	5074.0462039917875
2010-07-01	4.14527738E8	762991	5021.753100626351
2010-07-02	3.74058685E8	736360	5099.767557987941
2010-07-05	3.92476065E8	662010	5228.42610383529
2010-07-06	3.74526295E8	714760	5283.6227251105265
2010-07-07	2.04286147E8	278282	5257.065494713996
2010-07-08	2.15694784E8	343242	5229.4228357835
2010-07-09	2.02814726E8	267581	5186.479903281623
2010-07-12	2.01429495E8	260998	5204.541812580939
2010-07-13	1.30285534E8	185084	5259.099068531045
2010-07-14	1.1111897E8	174533	5152.973271530313
2010-07-15	1.43373437E8	206570	5179.324795468849
2010-07-16	1.82764128E8	226135	5256.513295155549
2010-07-19	1.69541275E8	239268	5159.89956032566
2010-07-20	3.01821548E8	597100	5234.643674426395
2010-07-21	1.30084678E8	196135	5217.630703342086
2010-07-22	9.3760236E7	162853	5166.334491842336
2010-07-23	1.30206576E8	175929	5211.272132508
2010-07-26	1.54796808E8	258502	5202.079535168006
2010-07-27	2.15612633E8	391155	5171.840684639082
2010-07-28	2.11053223E8	308974	5191.1390958462525
2010-07-29	2.47869289E8	354160	5210.535506550712
2010-07-30	3.09594899E8	551357	5220.255828800578
2010-08-02	2.28905199E8	454802	5352.855394215505
2010-08-03	1.8805804E8	298450	5356.590303233373
2010-08-04	2.64675828E8	476631	5273.901622009479
2010-08-05	2.64810494E8	380863	5302.0635372824345
2010-08-06	2.21274103E8	404659	5307.216397015759
2010-08-09	2.25185668E8	416409	5359.7056787917645
2010-08-10	2.20799276E8	373545	5381.064281411878
2010-08-11	2.25220471E8	340206	5368.9234081703435
2010-08-12	1.89758187E8	288491	5385.919695935055
2010-08-13	1.63132512E8	252123	5387.665710784022
2010-08-16	2.30706507E8	404276	5433.082463465553
2010-08-17	1.95011978E8	294546	5348.8512015101205
2010-08-18	2.04402933E8	338422	5450.983278273871
2010-08-19	1.33633342E8	183342	5411.003932541371
2010-08-20	1.15690188E8	196814	5403.537299175871
2010-08-23	1.2859568E8	146696	5367.0196869716965
2010-08-24	1.08138617E8	129464	5352.88862540938
2010-08-25	1.39067327E8	190915	5374.212314380746
2010-08-26	1.83807431E8	239202	5290.9675253551395
2010-08-27	3.03654287E8	462778	5371.105151930299
2010-08-30	2.75386624E8	433328	5505.718434996123
2010-08-31	2.08997617E8	224684	5541.904701714408
2010-09-01	1.67452502E8	198983	5524.408235879447
2010-09-02	2.15015603E8	263479	5573.498597611195
2010-09-03	1.033499E8	115584	5559.9283291805095
2010-09-06	1.23420547E8	152716	5556.82897011446
2010-09-07	1.10010376E8	147835	5613.690797172523
2010-09-08	1.19323357E8	160045	5628.253772376519
2010-09-09	1.6232888E8	245477	5560.461464821551
2010-09-10	1.76401998E8	220588	5654.891852684643
2010-09-13	2.36547288E8	366497	5750.630455365255
2010-09-14	2.74941573E8	431690	5714.458634668396
2010-09-15	2.53431535E8	404048	5662.069464519067
2010-09-16	1.92246587E8	307592	5681.99831920206
2010-09-17	2.33510904E8	359802	5690.626044324378
2010-09-19	1.59346212E8	243026	5749.501156254886
2010-09-20	2.12049697E8	336636	5722.651481125014
2010-09-21	2.68773636E8	381698	5698.458978040231
2010-09-25	1.12942887E8	162593	5784.2600050432675
2010-09-26	7.0835052E7	197033	5655.369780696635
2010-09-27	6.8134422E7	79281	5679.378211677451
2010-09-28	1.20028969E8	137271	5694.965061812036
2010-09-29	1.27106313E8	136832	5668.28590534378
2010-09-30	8.0804823E7	90311	5655.736178317148
2010-10-08	1.48871097E8	147255	5715.003293606329
2010-10-09	2.76962831E8	371742	5870.840335501503
2010-10-11	1.91652538E8	286874	5906.782437585839
2010-10-12	1.94856059E8	273008	5910.471499003692
2010-10-13	2.22729279E8	260358	5957.698330759954
2010-10-14	2.3090409E8	239310	6058.039709999583
2010-10-15	2.18544194E8	281066	6141.236737990365
2010-10-18	1.84256312E8	220484	6189.422529525952
2010-10-19	2.160744E8	248285	6313.664228608252
2010-10-20	1.677015E8	154048	6364.688493196925
2010-10-21	1.84593464E8	192234	6433.010060655243
2010-10-22	2.29014111E8	326563	6489.393724947407
2010-10-25	3.4994828E7	46515	6665.235106954746
2010-10-26	2.56116219E8	468553	6829.544864721814
2010-10-27	1.94675433E8	262986	6796.259838926787
2010-10-28	1.54578844E8	187636	6949.798061139653
2010-10-29	1.68754535E8	199668	6735.551585632149
2010-11-01	2.36526857E8	294732	6705.059464191198
2010-11-02	1.41268899E8	161337	6850.724285191865
2010-11-03	1.2794988E8	157544	6934.733788655868
2010-11-04	1.87372813E8	215079	6879.026134583107
2010-11-05	4.0830238E7	60874	7218.753408680224
2010-11-08	1.70396089E8	210920	7013.790565143182
2010-11-09	2.18389404E8	285898	7138.450580276882
2010-11-10	3.81337771E8	430495	7178.936740264115
2010-11-11	4.17207353E8	391360	7086.66668284955
2010-11-12	4154063.0	6632	6961.543727382388
2010-11-15	6296982.0	5546	6816.347277316985
2010-11-16	1.29563658E8	253344	6534.70229016673
2010-11-17	1.23946672E8	242410	6230.7826451054
2010-11-18	2.25543972E8	278066	6190.114260643157
2010-11-19	1.45737543E8	160669	6364.381791135814
2010-11-22	2.32769629E8	361772	6249.787963137003
2010-11-23	3.40844825E8	406931	6249.717490188755
2010-11-24	2.26055537E8	253267	6385.132646574563
2010-11-25	1.66250613E8	200156	6412.752787825496
2010-11-26	1.58041773E8	186969	6287.645363669913
2010-11-29	1.78315721E8	192759	6339.110832697825
2010-11-30	1.76138686E8	184978	6430.8721415519685
2010-12-01	3.17446688E8	414393	6532.063374622641
2010-12-02	2.3954346E8	340300	6607.388463120776
2010-12-03	1.65868927E8	169510	6634.990543330777
2010-12-06	2.15092878E8	325726	6584.373077371779
2010-12-07	1.23805162E8	128892	6565.0938925612145
2010-12-08	2.32232027E8	234924	6501.795512591306
2010-12-09	2.25975806E8	184670	6503.576623165647
2010-12-10	1.33784535E8	129224	6533.95685012072
2010-12-13	1.88846671E8	204816	6550.728878603234
2010-12-14	1.83067465E8	195638	6618.11593350985
2010-12-15	2.0223392E8	238234	6552.595561506754
2010-12-16	2.39246649E8	249728	6598.298556829831
2010-12-17	2.43880552E8	271920	6664.815839217417
2010-12-20	2.06090045E8	286986	6820.496522478448
2010-12-21	3.23889112E8	361393	6843.028467623889
2010-12-22	4.70049174E8	749485	6943.354863673056
2010-12-23	3.68285103E8	385801	7032.871306709936
2010-12-24	2.3908538E8	249268	7134.960680873598
2010-12-27	3.71165209E8	472086	7167.180371796664
2010-12-28	2.83204324E8	290523	7209.863208764883
2010-12-29	3.97634418E8	438366	7235.095406578065
2010-12-30	3.7795494E8	475264	7161.569935867224
2010-12-31	3.15251192E8	705253	7003.015656792669
2011-01-04	2.22187119E8	284678	7128.73339000555
2011-01-05	1.9427392E8	229756	7112.637994219955
2011-01-06	3.59759377E8	414802	7172.943035472345
2011-01-07	2.24537433E8	337562	6983.241742257718
2011-01-10	2.16254563E8	292998	6961.503771356801
2011-01-11	2.84360985E8	333312	6973.214051699309
2011-01-12	3.1555238E8	396587	7078.362656869741
2011-01-13	1.91293237E8	185741	7051.069844568512
2011-01-14	2.93697146E8	330467	7112.611165411372
2011-01-17	3.81896337E8	603133	7132.390869012307
2011-01-18	1.54146797E8	233964	7085.852255047786
2011-01-19	1.80534245E8	220754	7098.225427398824
2011-01-20	1.37206106E8	167210	7082.031870103463
2011-01-21	2.72843874E8	396223	7149.637454160915
2011-01-24	1.87082745E8	193522	7185.336452703052
2011-01-25	1.81323387E8	230319	7143.270898189034
2011-01-26	2.70056382E8	339640	7138.747176422094
2011-01-27	3.02904654E8	452835	7260.292143937638
2011-01-28	1.77317871E8	180820	7266.192998562106
2011-01-30	1.82622727E8	215113	7299.820912729589
2011-01-31	2.00087694E8	238247	7382.523460945993
2011-02-01	1.36467941E8	194081	7378.3498539269685
2011-02-09	2.01058265E8	226816	7344.384624541479
2011-02-10	1.84065048E8	270795	7462.325353126904
2011-02-11	1.58719758E8	164291	7484.467986682168
2011-02-12	2.36975611E8	291844	7510.456521292197
2011-02-14	3.33200705E8	352934	7474.322366221447
2011-02-15	3.11218611E8	218990	7461.17932325677
2011-02-16	2.61030045E8	322460	7386.181619425665
2011-02-17	3.18212396E8	326721	7399.05855454654
2011-02-18	3.45136164E8	471700	7331.412448590206
2011-02-21	2.02203794E8	257679	7231.688950205488
2011-02-22	1.94960941E8	210940	7255.101905755191
2011-02-23	2.62631966E8	305859	7286.017887327167
2011-02-24	2.63678958E8	338000	7206.580346153846
2011-02-25	1.65582151E8	192296	7203.572331197737
2011-02-28	2.96851432E8	407042	7346.742112607544
2011-03-01	1.63204026E8	134825	7359.5099054329685
2011-03-02	1.82921137E8	147188	7332.6030179090685
2011-03-03	2.70350588E8	227033	7375.844410283968
2011-03-04	2.69578457E8	288736	7313.122776515571
2011-03-07	2.97519346E8	402831	7315.123004436104
2011-03-08	4.45842086E8	593477	7282.868626753859
2011-03-09	1.72483587E8	210977	7306.792541367068
2011-03-10	4.25608794E8	564045	7258.912721502717
2011-03-11	5.42677399E8	776533	7145.4557501097825
2011-03-14	4.02473201E8	518215	7068.630556815221
2011-03-15	2.14058137E8	240253	7046.208575959509
2011-03-16	3.0290316E8	455824	6978.491319017867
2011-03-17	3.324895E8	370124	7082.560536468859
2011-03-18	2.05944185E8	265382	7160.965709806996
2011-03-21	2.92556734E8	355623	7153.170250518105
2011-03-22	2.01961226E8	267425	7142.486940263625
2011-03-23	3.70565688E8	541951	7248.14958547913
2011-03-24	3.46213067E8	384008	7250.164309076894
2011-03-25	2.8639311E8	356695	7316.667444174996
2011-03-28	3.38245672E8	397768	7233.969057339957
2011-03-29	2.17079024E8	228828	7178.011515199189
2011-03-30	2.0586271E8	190904	7190.117278841722
2011-03-31	2.46418819E8	202478	7217.912568279023
2011-04-01	2.65750814E8	286685	7244.068095645046
2011-04-02	8.7268159E7	98028	7252.995990941364
2011-04-06	2.74460595E8	304674	7292.690508543558
2011-04-07	2.69143495E8	229444	7277.443332577884
2011-04-08	3.44362362E8	377643	7322.5768940507305
2011-04-11	3.95345723E8	418374	7335.960272387863
2011-04-12	2.29370092E8	284250	7315.942701846966
2011-04-13	4.9140385E8	731611	7257.410630786032
2011-04-14	4.13489656E8	588482	7184.339325586849
2011-04-15	4.43842246E8	542825	7117.075213927141
2011-04-18	2.09897086E8	220862	7107.093845930944
2011-04-19	2.66001249E8	311081	7059.735065786725
2011-04-20	4.03345173E8	609839	7118.866830425735
2011-04-21	2.87138747E8	238537	7167.589111961666
2011-04-22	2.31406474E8	262560	7106.681444241316
2011-04-25	3.05378092E8	315409	7098.931622116046
2011-04-26	3.37295712E8	435018	7021.140148223752
2011-04-27	1.33861261E8	161733	7047.322092584692
2011-04-28	2.05147327E8	253546	7101.7849423773205
2011-04-29	2.92130269E8	380540	7034.488124770063
2011-05-03	2.14210427E8	329277	6903.354904836961
2011-05-04	2.92994504E8	421558	6859.069855156348
2011-05-05	2.13263581E8	293287	6768.888252803567
2011-05-06	1.71530266E8	323252	6725.082332050536
2011-05-09	1.68868748E8	236273	6734.122671655246
2011-05-10	1.83574416E8	208760	6842.9146915117835
2011-05-11	1.56974439E8	170244	6894.767903714668
2011-05-12	2.10153742E8	267218	6790.976251599817
2011-05-13	1.98601324E8	438942	6788.166662110256
2011-05-16	1.96635825E8	245046	6869.603772352946
2011-05-17	2.47776695E8	295492	6829.830753455254
2011-05-18	1.92371504E8	247658	6869.944249731485
2011-05-19	2.0480385E8	241178	6896.518144275183
2011-05-20	3.93717032E8	555796	6728.567190120116
2011-05-23	1.77874979E8	191524	6714.943991353564
2011-05-24	2.42715527E8	306492	6703.290826514232
2011-05-25	2.40719731E8	233573	6791.952066377535
2011-05-26	2.88789841E8	285696	6840.589259212589
2011-05-27	2.41970537E8	225681	6858.405758570726
2011-05-30	1.3429501E8	125891	6868.704244147715
2011-05-31	1.50119487E8	158451	6861.2601372033
2011-06-01	2.29403751E8	240905	6827.633286980345
2011-06-02	2.11727015E8	259849	6836.737405185319
2011-06-03	3.49588114E8	438264	6956.281998977785
2011-06-07	1.97199032E8	203205	6972.871287615954
2011-06-08	3.40901996E8	401494	6971.401714595984
2011-06-09	1.94349221E8	217831	7019.032451763064
2011-06-10	1.84817838E8	162713	6996.489628978631
2011-06-13	1.78620274E8	159381	6985.442311191422
2011-06-14	1.55334855E8	159860	6970.856505692481
2011-06-15	2.71127193E8	242786	7023.836905752391
2011-06-16	1.96957581E8	185426	7044.913124373065
2011-06-17	1.79638289E8	180296	7054.107340151751
2011-06-20	2.6197069E8	261694	7076.092948252539
2011-06-21	3.54009355E8	449769	7095.320208818304
2011-06-22	2.07473576E8	187455	7097.060926622389
2011-06-23	1.53929259E8	172613	7052.7681866371595
2011-06-24	1.68467226E8	165782	7081.240581003969
2011-06-27	2.99643425E8	294320	7004.00241234031
2011-06-28	1.44795765E8	107543	6997.105046353551
2011-06-29	1.83274406E8	162275	7101.293452472654
2011-06-30	1.84600371E8	156081	7082.135307949077
2011-07-01	1.64280972E8	141819	7106.346702486972
2011-07-04	3.70676379E8	490711	7153.69135804985
2011-07-05	2.78316109E8	299637	7191.193056932221
2011-07-06	3.43372948E8	413705	7196.312070194946
2011-07-07	5.45450793E8	676070	7280.844272042836
2011-07-08	4.80255993E8	654088	7376.848488276807
2011-07-11	4.81993256E8	541255	7366.794684575662
2011-07-12	2.57968125E8	304125	7285.1571491985205
2011-07-13	3.99360408E8	670567	7399.382445005495
2011-07-14	3.62975763E8	415178	7370.804170741224
2011-07-15	2.8418873E8	315146	7336.703512022998
2011-07-18	3.98578626E8	580301	7409.834203284157
2011-07-19	4.56856199E8	748096	7466.212486098041
2011-07-20	3.58285969E8	466301	7520.764261710783
2011-07-21	4.08359911E8	436307	7521.4302360493875
2011-07-22	4.97025466E8	666433	7502.453858077256
2011-07-25	4.47139078E8	656115	7627.355062755767
2011-07-26	3.8075621E8	365974	7623.305038062813
2011-07-27	5.22138868E8	559971	7656.481503506431
2011-07-28	2.81736855E8	298000	7625.477238255034
2011-07-29	4.77726687E8	565757	7581.721689700702
2011-08-01	2.53425541E8	306225	7611.814600375541
2011-08-02	4.86378508E8	544519	7579.365013892995
2011-08-03	3.62206187E8	410989	7546.662200204872
2011-08-04	3.64219289E8	583090	7624.8417002521055
2011-08-05	8.84519453E8	1521626	7430.410292016567
2011-08-08	3.67524433E8	511448	7541.368567283477
2011-08-09	5.39204865E8	755572	7428.355251385705
2011-08-10	2.46110679E8	323888	7604.588894926641
2011-08-11	3.46621633E8	413137	7703.43333325265
2011-08-12	6.02273923E8	793439	7690.059346717265
2011-08-15	6.7160972E8	950712	7637.018704928517
2011-08-16	4.84527529E8	581727	7591.509183861158
2011-08-17	3.87142134E8	360456	7686.6588321459485
2011-08-18	4.32942948E8	542713	7676.642361616545
2011-08-19	7.61790147E8	1028116	7508.704984651537
2011-08-22	4.71526635E8	674703	7636.065136808344
2011-08-23	3.18043217E8	314763	7576.446898142412
2011-08-24	2.47389152E8	348789	7654.065323160994
2011-08-25	5.72119495E8	749752	7465.043685111877
2011-08-26	3.29578019E8	336456	7473.434838433554
2011-08-29	2.77041698E8	316366	7533.713625990151
2011-08-30	2.38969258E8	220131	7484.127733031694
2011-08-31	1.01402703E8	125061	7444.95009635298
2011-09-01	1.55641461E8	137817	7492.966332165118
2011-09-02	2.4261798E8	231046	7426.7644624879895
2011-09-05	3.62627813E8	392422	7358.121557914694
2011-09-06	4.08992619E8	589492	7199.734081208905
2011-09-07	1.93732486E8	199177	7268.159872876889
2011-09-08	2.0498191E8	222558	7338.925785637901
2011-09-09	2.64331349E8	253522	7263.026281742807
2011-09-13	1.74597887E8	152404	7229.309106060208
2011-09-14	4.53034681E8	689980	7105.970654221862
2011-09-15	1.54166209E8	132059	7125.46728356265
2011-09-16	2.80049399E8	317478	7079.682081908038
2011-09-19	2.40758549E8	376480	7007.585712388441
2011-09-20	1.67360471E8	152518	6952.907761706815
2011-09-21	1.50340971E8	168449	7088.626777244151
2011-09-22	1.82964912E8	350546	6971.2016682546655
2011-09-23	3.32054681E8	372265	6958.810677877319
2011-09-26	1.59658579E8	154992	6881.042266697636
2011-09-27	1.7705684E8	209720	7046.777107572001
2011-09-28	2.31882161E8	255730	7103.99361044852
2011-09-29	1.92784933E8	273382	7010.294145188784
2011-09-30	3.51315751E8	374754	7121.858744669837
2011-10-08	1.92629996E8	146836	7118.514757961263
2011-10-09	1.57418742E8	113423	7071.017183463671
2011-10-10	1.65492246E8	119098	7079.002829602512
2011-10-11	1.96623081E8	167791	7101.614830354429
2011-10-12	3.83803685E8	228141	7020.853559859911
2011-10-13	2.81943786E8	311214	7008.82235053693
2011-10-14	3.02366533E8	245888	7046.521810743103
2011-10-17	1.97023508E8	188288	7082.029029996601
2011-10-18	1.65904255E8	138850	7083.907346056896
2011-10-19	3.70296431E8	314799	7081.776908439989
2011-10-20	5.29623174E8	689300	6933.339061366604
2011-10-21	1.54230896E8	106856	7022.719922138204
2011-10-24	3.18846923E8	277901	6940.11422772858
2011-10-25	3.43439716E8	315132	7104.8665289466
2011-10-26	3.17000967E8	256432	7113.826866381731
2011-10-27	2.38322076E8	212859	7129.239346233892
2011-10-28	2.92049288E8	257999	7096.9567168865
2011-10-31	1.41413818E8	110147	7055.663930928668
2011-11-01	1.33505975E8	95219	7034.245402703242
2011-11-02	1.34142195E8	107251	7046.519743405656
2011-11-03	1.94991557E8	125671	7070.838960460249
2011-11-04	2.2491325E8	145709	7113.726152811426
2011-11-07	1.99567287E8	99799	7054.298079139069
2011-11-08	1.76963375E8	110055	7052.527427195493
2011-11-09	1.8586476E8	155206	7100.996372562917
2011-11-10	3.0412513E8	326312	6937.958122900782
2011-11-11	2.59750392E8	218906	7024.22154257992
2011-11-14	3.10415819E8	281777	7021.8910769864115
2011-11-15	2.47343293E8	235358	6909.758074932656
2011-11-16	3.24158872E8	241584	6894.9435807007085
2011-11-17	1.80753444E8	189798	6975.095064226177
2011-11-18	2.36395389E8	237009	6896.682737786329
2011-11-21	3.21037981E8	369238	6746.787191459167
2011-11-22	3.57420799E8	395841	6805.484846188242
2011-11-23	3.38118052E8	333308	6700.548096655346
2011-11-24	4.25476945E8	614794	6602.312709623061
2011-11-25	3.50039123E8	387083	6606.759105928186
2011-11-28	1.27232632E8	118318	6655.8010953532
2011-11-29	2.19298123E8	215571	6611.4897783096985
2011-11-30	2.04645255E8	243799	6601.241875479391
2011-12-01	1.56669499E8	188254	6661.696102074857
2011-12-02	1.0928827E8	96006	6634.724704705955
2011-12-05	1.47081557E8	122916	6639.025757427837
2011-12-06	1.15970787E8	105469	6658.513525301273
2011-12-07	1.60410364E8	149457	6623.4087329466
2011-12-08	2.43502103E8	307479	6501.4131891934085
2011-12-09	1.07193897E8	130125	6553.852541786743
2011-12-12	1.71368729E8	194505	6445.358695149225
2011-12-13	1.67770797E8	257184	6376.259479594376
2011-12-14	1.565849E8	258002	6372.5765808016995
2011-12-15	1.5459579E8	215199	6367.152166134601
2011-12-16	1.96047007E8	260130	6386.103602045131
2011-12-19	3.00048326E8	318162	6385.480673367655
2011-12-20	1.55680845E8	189722	6382.028873825913
2011-12-21	2.0391942E8	265293	6325.639696486526
2011-12-22	2.22678952E8	276451	6314.641393954083
2011-12-23	2.70080411E8	371356	6328.593786016652
2011-12-26	9.8197558E7	109866	6295.751124096627
2011-12-27	1.02194177E8	120627	6294.906679267494
2011-12-28	1.10777006E8	108673	6280.499480091651
2011-12-29	1.30833908E8	170325	6220.137249376193
2011-12-30	1.70481348E8	243054	6130.401630913295
2011-12-31	1.52683978E8	147282	6100.897339797124
2012-01-04	2.61772344E8	338546	6219.19506950311
2012-01-05	3.16237942E8	831251	6375.506176834674
2012-01-06	1.993538E8	286014	6362.28124147769
2012-01-09	2.625003E8	372260	6377.53254177188
2012-01-10	3.49955438E8	679073	6444.453216369963
2012-01-11	2.67060166E8	332345	6498.358302366517
2012-01-12	3.49464058E8	471274	6521.218320976756
2012-01-13	2.30753698E8	312932	6507.582436439866
2012-01-16	1.4154402E8	144182	6519.810038701086
2012-01-17	1.95700121E8	221118	6532.24856863756
2012-01-18	1.21099388E8	126115	6561.239091305554
2012-01-19	8.172308E7	69838	6570.262750937884
2012-01-20	1.55998981E8	170969	6650.544589954904
2012-01-21	1.71096678E8	190606	6704.608438349265
2012-01-29	1.31663337E8	147302	6614.953123514955
2012-01-30	1.74951864E8	173972	6636.490636424252
2012-01-31	2.14366936E8	282230	6640.926729972009
2012-02-01	9.167879E7	97200	6621.61609053498
2012-02-02	1.69542424E8	176774	6618.945925305758
2012-02-03	2.44530779E8	283078	6626.242996629904
2012-02-06	2.27058055E8	274997	6643.146961603217
2012-02-07	2.14157596E8	266817	6645.845815671415
2012-02-08	1.82463445E8	225790	6634.385220780371
2012-02-09	5.08542826E8	847760	6689.509505048599
2012-02-10	1.42985926E8	149107	6638.894022413435
2012-02-13	1.625468E8	198608	6642.079412712479
2012-02-14	1.16325714E8	173845	6671.380045442779
2012-02-15	1.98499594E8	258104	6649.962433747636
2012-02-16	1.52741254E8	209402	6654.358845665275
2012-02-17	3.28857423E8	670371	6666.827094250795
2012-02-20	1.56042257E8	177926	6669.832610186258
2012-02-21	2.05754976E8	243345	6673.543401343772
2012-02-22	3.55219376E8	409010	6683.1317351654
2012-02-23	1.50024172E8	208681	6700.000321064208
2012-02-24	1.8329284E8	187718	6655.039495413333
2012-02-27	2.88724413E8	450523	6696.907083545124
2012-02-28	2.65528193E8	305516	6712.523317927703
2012-02-29	1.7402113E8	185337	6702.3195368436955
2012-03-01	1.71534153E8	210751	6684.740850577222
2012-03-02	1.14988453E8	138715	6708.255531124969
2012-03-05	1.86291335E8	256561	6686.961011221503
2012-03-06	1.23239661E8	177998	6671.475583995326
2012-03-07	1.67804459E8	254467	6668.852424872381
2012-03-08	1.57488964E8	193217	6679.168002815487
2012-03-09	1.08290083E8	91902	6656.102152292659
2012-03-12	7.0270812E7	71770	6657.260457015466
2012-03-13	1.53713347E8	193891	6665.817799691579
2012-03-14	1.42872913E8	222641	6686.949883444649
2012-03-15	1.6388201E8	226622	6661.0154706956955
2012-03-16	2.02092552E8	230897	6722.291406990996
2012-03-19	7.2699564E7	68780	6678.042410584472
2012-03-20	1.01049857E8	106602	6660.106883548151
2012-03-21	2.33756827E8	388170	6703.128693613623
2012-03-22	8.1510365E7	85891	6671.4970136568445
2012-03-23	7.5038168E7	65091	6664.299227235716
2012-03-26	1.29101667E8	124640	6685.693019897304
2012-03-27	1.95096847E8	195290	6668.912704183522
2012-03-28	1.70412255E8	151570	6672.875588836841
2012-03-29	1.37683636E8	176634	6685.24495850176
2012-03-30	2.0916687E8	228535	6676.354050801847
2012-03-31	8.8014196E7	60305	6669.200729624409
2012-04-01	1.03921999E8	145457	6654.602886076297
2012-04-05	1.78090119E8	255625	6685.632324694377
2012-04-06	1.27221212E8	95519	6677.039688438949
2012-04-09	2.78847268E8	410962	6773.31904166322
2012-04-10	2.1097685E8	203919	6802.423418121902
2012-04-11	2.08026009E8	245938	6800.673019216225
2012-04-12	3.36855478E8	428004	6811.213490995411
2012-04-13	1.61639034E8	190107	6791.068414103636
2012-04-16	3.47451282E8	444804	6778.507488691648
2012-04-17	2.16844951E8	246349	6733.262643647833
2012-04-18	1.90812209E8	245829	6722.269435257842
2012-04-19	1.19189775E8	114632	6686.497644636751
2012-04-20	2.14339385E8	282240	6688.892743764172
2012-04-23	2.62113311E8	400999	6685.9329325010785
2012-04-24	2.39098829E8	328258	6673.341764709467
2012-04-25	1.09622025E8	129713	6682.198345578316
2012-04-26	1.68604284E8	179230	6687.935261953914
2012-04-27	3.98836333E8	823123	6647.48170565031
2012-04-28	2.97343972E8	371504	6641.934442159439
2012-05-02	2.99798733E8	277665	6619.238157491942
2012-05-03	1.58134313E8	182980	6595.0480981528035
2012-05-04	2.21660013E8	419436	6622.03873296522
2012-05-07	1.52912046E8	196228	6613.63981185152
2012-05-08	2.0872836E8	213016	6595.1237888233745
2012-05-09	2.2160478E8	235468	6525.748895815992
2012-05-10	1.64238479E8	217489	6532.183659863257
2012-05-11	2.63419373E8	385163	6419.225590204666
2012-05-14	2.22566325E8	363083	6366.742664900312
2012-05-15	1.78671571E8	250330	6387.330539687612
2012-05-16	3.69504803E8	509948	6341.724654278475
2012-05-17	2.12468966E8	298052	6369.561298028532
2012-05-18	1.5094853E8	200837	6373.82025722352
2012-05-21	1.24724076E8	154930	6379.36788872394
2012-05-22	1.5962446E8	180428	6388.954585762742
2012-05-23	3.17963614E8	505506	6263.297834249247
2012-05-24	1.47482855E8	203629	6294.991533622421
2012-05-25	1.50506616E8	180206	6291.0527951344575
2012-05-28	1.62251852E8	188302	6252.120014657306
2012-05-29	1.33727094E8	294771	6219.9422840103
2012-05-30	1.38921336E8	224341	6257.28937198283
2012-05-31	1.55835602E8	185434	6271.016528791915
2012-06-01	3.38925503E8	459307	6224.03151486914
2012-06-04	2.90902839E8	351345	6121.762384550798
2012-06-05	1.25869496E8	265910	6167.480843142416
2012-06-06	1.5383341E8	200809	6178.280888804785
2012-06-07	2.19521373E8	327497	6219.401469326436
2012-06-08	1.69158422E8	197939	6152.424605560299
2012-06-11	2.30581495E8	350773	6135.3718102590565
2012-06-12	1.41569013E8	189537	6165.452798134401
2012-06-13	1.85341996E8	285947	6012.441858106572
2012-06-14	2.63873613E8	393035	5942.573200859974
2012-06-15	1.05563532E8	173128	5981.310527471004
2012-06-18	1.39406015E8	219976	5940.400470960469
2012-06-19	1.97482406E8	378947	5879.828089416198
2012-06-20	1.34085897E8	271720	5931.194225673487
2012-06-21	1.46008719E8	269274	5938.934260270208
2012-06-25	7.8258922E7	129824	5910.594705139266
2012-06-26	1.89652826E8	335944	5979.13790393637
2012-06-27	1.09972939E8	159685	6013.887829163666
2012-06-28	7.6740704E7	109935	6041.68472279074
2012-06-29	6.0975129E7	103454	5961.701712838556
2012-07-02	7.4529855E7	103258	5992.75168025722
2012-07-03	1.21640883E8	195530	5989.908218687669
2012-07-04	1.19532163E8	210768	6095.38580809231
2012-07-05	1.3310286E8	212022	6072.227080208658
2012-07-06	6.8501657E7	82790	6058.532685106897
2012-07-09	1.35557372E8	219802	5993.138310843396
2012-07-10	1.15641158E8	152388	6050.668707509778
2012-07-11	1.17476881E8	162387	6023.10776108925
2012-07-12	9.8913589E7	129974	6025.751396433133
2012-07-13	7.1675259E7	85720	6018.481299580028
2012-07-16	8.9844258E7	110503	6010.400821697149
2012-07-17	9.8479672E7	123844	5941.014905849294
2012-07-18	1.06127029E8	149973	5891.180652517453
2012-07-19	7.7338346E7	83656	5883.936203021899
2012-07-20	1.19151253E8	163912	5847.669163941628
2012-07-23	1.18536153E8	171866	5803.844803509711
2012-07-24	1.61266E8	364289	5687.651809415052
2012-07-25	1.25831679E8	241346	5727.662704167461
2012-07-26	1.68551795E8	324321	5615.421489820271
2012-07-27	1.02513279E8	180869	5597.941460393987
2012-07-30	8.1004193E7	126779	5582.083586398378
2012-07-31	1.41548851E8	265424	5499.253518898065
2012-08-01	1.03460899E8	422249	5478.181771892888
2012-08-02	1.17607654E8	331232	5505.416674717419
2012-08-03	9.4439931E7	281814	5481.194191913815
2012-08-06	9.2513279E7	219825	5490.304928920732
2012-08-07	8.8001249E7	167038	5548.956381182725
2012-08-08	8.3389712E7	123901	5466.820227439649
2012-08-09	1.32936269E8	279896	5564.707870066025
2012-08-10	1.26524002E8	201676	5586.180026378945
2012-08-13	1.06830047E8	198230	5478.121106795137
2012-08-14	1.06808108E8	181779	5419.405288839745
2012-08-15	1.04487985E8	332469	5466.923791391077
2012-08-16	1.28693342E8	268650	5632.813381723432
2012-08-17	1.63627805E8	385632	5624.521678698863
2012-08-20	1.01378911E8	164262	5701.957446031341
2012-08-21	2.16512658E8	422273	5695.6798563962175
2012-08-22	2.68104934E8	427371	5737.963605392037
2012-08-23	2.12205814E8	337672	5630.28917707124
2012-08-24	1.20589022E8	236026	5611.26462762577
2012-08-27	5.4087993E7	57608	5584.906315095126
2012-08-28	1.42453684E8	232933	5463.0477004117065
2012-08-29	1.75916498E8	340278	5419.966113001722
2012-08-30	2.40125046E8	550083	5445.691868318054
2012-08-31	1.20232603E8	209440	5516.367002482812
2012-09-03	8.7961562E7	165793	5483.051148118437
2012-09-04	1.18713075E8	238365	5431.051794516812
2012-09-05	7.4509299E7	131287	5396.206166642546
2012-09-06	1.08063133E8	216523	5357.196200865497
2012-09-07	1.20991293E8	172501	5414.350421156979
2012-09-10	3.84724346E8	482448	5442.595365718171
2012-09-11	2.10045082E8	316390	5505.007835266601
2012-09-12	1.99519398E8	340294	5567.564364931501
2012-09-13	8.1299865E7	148697	5442.677316959993
2012-09-14	1.59016738E8	294432	5520.829722992066
2012-09-17	1.32960548E8	200320	5623.55946485623
2012-09-18	1.78889546E8	275731	5532.707276294649
2012-09-19	1.31068305E8	214457	5499.764031950461
2012-09-20	7.6127677E7	105154	5614.579673621545
2012-09-21	1.43273703E8	224182	5465.989628962183
2012-09-24	2.23727892E8	360878	5333.6347851628525
2012-09-25	2.19198841E8	316578	5278.890734668865
2012-09-26	1.6448323E8	258242	5285.206666615036
2012-09-27	1.34276265E8	223059	5276.716501015427
2012-09-28	1.003756E8	211950	5300.841240858693
2012-09-29	3.1225828E7	36794	5314.305593303256
2012-10-08	9.075749E7	108135	5347.941868960096
2012-10-09	1.0160767E8	170418	5448.04209062423
2012-10-10	1.09906118E8	184289	5421.2227099826905
2012-10-11	1.1283728E8	137452	5488.218912784099
2012-10-12	1.01936252E8	132978	5477.460113703019
2012-10-15	1.29012234E8	212452	5457.408040404421
2012-10-16	1.47504347E8	315275	5451.103033859329
2012-10-17	1.44895146E8	191035	5584.986337582119
2012-10-18	1.71655076E8	267839	5551.311138407775
2012-10-19	1.43677924E8	210864	5433.955312428864
2012-10-22	1.00242902E8	139553	5433.855760893711
2012-10-23	1.43986239E8	177991	5420.987527459253
2012-10-24	3.3509261E7	46592	5431.203854739011
2012-10-25	6.2635849E7	97820	5471.477550603148
2012-10-26	1.42373649E8	203756	5387.716479514714
2012-10-29	9.5210673E7	107204	5352.7616040446255
2012-10-30	4.5723307E7	74519	5425.912425019123
2012-10-31	3.43496E7	49026	5428.2816464733
2012-11-01	4.8340834E7	48910	5369.990901656103
2012-11-02	5.5878553E7	70277	5383.982625894674
2012-11-05	9.7510077E7	131187	5360.097967024171
2012-11-06	1.38745883E8	254751	5460.6752475947105
2012-11-07	1.06234509E8	126225	5410.73981382452
2012-11-08	9.2867161E7	103177	5447.686247904087
2012-11-09	1.34384795E8	164017	5483.900851740978
2012-11-12	1.59728782E8	219694	5360.275182754194
2012-11-13	1.13963841E8	96822	5406.364607217368
2012-11-14	3.93031968E8	636692	5410.017608199883
2012-11-15	2.54594882E8	306656	5459.262313471773
2012-11-16	2.60310667E8	340080	5495.153443307457
2012-11-19	1.25593955E8	174523	5577.130544398159
2012-11-20	1.55627991E8	204632	5556.807786660933
2012-11-21	7.1725427E7	73550	5551.20390210741
2012-11-22	9.258895E7	114778	5596.165641499242
2012-11-23	1.20324517E8	143589	5636.880450452332
2012-11-26	9.4727493E7	143285	5584.613993090693
2012-11-27	1.11580739E8	148385	5454.574114634229
2012-11-28	8.8921709E7	82513	5517.465029752888
2012-11-29	8.5213254E7	98237	5413.738245264004
2012-11-30	1.15173066E8	136395	5457.88204113054
2012-12-03	1.09993733E8	120098	5478.183400223151
2012-12-04	5.5646339E7	69336	5513.924281758394
2012-12-05	5.10376E7	66436	5532.920630381119
2012-12-06	6.8371126E7	93633	5490.573483707667
2012-12-07	6.9464506E7	69961	5508.055245065108
2012-12-10	6.2507309E7	105641	5478.502219782092
2012-12-11	5.741014E7	59032	5518.069707955007
2012-12-12	4.3642269E7	45755	5515.70953994099
2012-12-13	4.0927859E7	44562	5505.817198509942
2012-12-14	8.7218093E7	130966	5546.424698013225
2012-12-17	1.01131209E8	137955	5591.051168859411
2012-12-18	6.4859532E7	192263	5580.444193630599
2012-12-19	4.4866528E7	179736	5573.045744870255
2012-12-20	3.1713329E7	46492	5577.638088273251
2012-12-21	1.02610101E8	137573	5564.847629985535
2012-12-24	2.9736799E7	43391	5570.790670876449
2012-12-25	1.83847019E8	266642	5552.816191747736
2012-12-26	9.9340849E7	155530	5567.682755738443
2012-12-27	1.06539045E8	179036	5605.544722849036
2012-12-28	5.8458608E7	89813	5557.926302428379
2012-12-31	7.2324703E7	160310	5560.38405589171
2013-01-04	6.3262614E7	111732	5569.302044177138
2013-01-05	1.59173659E8	214744	5640.8604850426555
2013-01-06	1.25579336E8	198683	5648.714439584665
2013-01-07	1.32476647E8	256071	5655.4150450461
2013-01-08	1.25470596E8	163055	5690.601655882984
2013-01-09	1.22194767E8	155592	5662.158530001542
2013-01-10	9.961502E7	106050	5661.94251768034
2013-01-11	2.00063254E8	286529	5608.140659409693
2013-01-14	1.36381926E8	192992	5594.823666265959
2013-01-15	9.3393007E7	98870	5563.149671285527
2013-01-16	8.8759034E7	100902	5568.971725040138
2013-01-17	2.10173399E8	239162	5536.846936386215
2013-01-18	7.0874806E7	89450	5537.3046394633875
2013-01-21	1.58790052E8	197281	5499.991053370573
2013-01-22	1.71904928E8	272002	5480.39201917633
2013-01-23	1.27368954E8	192269	5431.285547852228
2013-01-24	6.7625036E7	84617	5436.876407814033
2013-01-25	9.9908413E7	145473	5419.435070425439
2013-01-28	2.24032699E8	491260	5343.851624394414
2013-01-29	4.6837694E7	52545	5347.41212294224
2013-01-30	1.39864445E8	234557	5372.137569972331
2013-01-31	5.8475254E7	83396	5419.262170847523
2013-02-01	8.6133596E7	139904	5447.673854929094
2013-02-04	5.7773805E7	78270	5431.910680976109
2013-02-05	6.9165385E7	112614	5403.514207824959
2013-02-06	2.885132E7	31841	5426.998021418925
2013-02-07	9.9494189E7	175332	5384.116213811511
2013-02-08	2.8961263E7	38383	5404.416851210171
2013-02-17	1.27112295E8	243447	5392.867967155069
2013-02-18	9.9013918E7	158212	5395.998634743256
2013-02-19	8.4185304E7	159549	5377.771549806016
2013-02-20	9.4207614E7	191821	5405.544429442032
2013-02-21	8.4604819E7	149335	5429.005102621622
2013-02-22	9.2878863E7	155822	5459.502541361297
2013-02-25	6.8530655E7	126288	5464.088836627391
2013-02-26	1.07115432E8	150653	5433.620996594824
2013-02-27	5.8244665E7	74465	5435.067723091385
2013-02-28	7.9493534E7	154647	5462.236868481122
2013-03-01	5.1007416E7	70699	5462.05594138531
2013-03-04	6.6903355E7	108008	5430.20942893119
2013-03-05	5.3626296E7	90217	5444.900240531164
2013-03-06	3.426118E7	56028	5434.4810808881275
2013-03-07	1.00441452E8	177046	5413.706934920868
2013-03-08	4.4580116E7	46040	5440.422263249348
2013-03-11	2.8982716E7	61862	5446.353852122466
2013-03-12	6.0063582E7	143175	5446.383810022699
2013-03-13	3.255856E7	56216	5439.68962572933
2013-03-14	9.801793E7	195142	5413.741875147329
2013-03-15	2.2426491E7	32780	5435.340939597316
2013-03-18	5.2296399E7	100185	5443.2313719618705
2013-03-19	4.0019606E7	45857	5448.895086900582
2013-03-20	1.09116079E8	218727	5504.929830336447
2013-03-21	9.9795045E7	178620	5537.247699025865
2013-03-22	1.35159719E8	172006	5528.065044242643
2013-03-25	7.4243449E7	116936	5520.524911062462
2013-03-26	1.33855684E8	173755	5480.261327731576
2013-03-27	9.8369296E7	182187	5470.459945001564
2013-03-28	2.60529527E8	523346	5456.017128247851
2013-03-29	1.80879501E8	287397	5433.8169744291
2013-04-01	2.0997638E8	418221	5397.150391778509
2013-04-02	4.178747E7	50708	5409.680129368147
2013-04-03	9.786043E7	141150	5409.538646829614
2013-04-07	3.1600879E7	26374	5427.675362099037
2013-04-08	1.12994917E8	137110	5440.477704033258
2013-04-09	8.7265062E7	184154	5455.025598140686
2013-04-10	4.3984092E7	74830	5447.895563276761
2013-04-11	1.16225766E8	185765	5447.933502005221
2013-04-12	8.0886372E7	158671	5424.304031612582
2013-04-15	1.39339699E8	605498	5432.187402765988
2013-04-16	1.18959289E8	248863	5413.536813427468
2013-04-17	1.00510059E8	172362	5440.0663487311585
2013-04-18	7.4093927E7	122971	5434.780753185711
2013-04-19	1.4027539E8	255502	5418.522320764612
2013-04-22	2.65520033E8	487266	5341.240583172231
2013-04-23	2.08594682E8	367120	5290.601307474395
2013-04-24	9.7411027E7	153141	5275.834440156457
2013-04-25	9.3404616E7	178109	5233.578516526397
2013-04-26	8.5436769E7	199740	5312.596205066587
2013-05-02	1.49930494E8	387533	5245.704894808958
2013-05-03	8.0618568E7	165277	5287.04704828863
2013-05-06	4.4349186E7	117922	5318.716397279558
2013-05-07	4.6417479E7	81311	5325.0217190786
2013-05-08	6.1841108E7	128933	5326.465800066701
2013-05-09	1.03079613E8	207019	5300.141769596027
2013-05-10	3.8916179E7	78044	5330.828917021167
2013-05-13	1.42722944E8	450625	5332.441413592233
2013-05-14	9.3087434E7	288136	5323.253526112669
2013-05-15	1.19050243E8	232741	5269.836612371692
2013-05-16	5.0057635E7	83272	5303.540061485253
2013-05-17	6.3046514E7	162203	5271.351639612091
2013-05-20	1.49294869E8	322869	5273.727118428837
2013-05-21	9.783304E7	249375	5193.50689122807
2013-05-22	4.7109328E7	116277	5263.158371819019
2013-05-23	1.52774141E8	324905	5207.399824564103
2013-05-24	5.6272241E7	107729	5220.379572816976
2013-05-27	6.0359488E7	109945	5168.18647505571
2013-05-28	7.253755E7	178384	5209.962855413041
2013-05-29	1.10434177E8	262648	5176.69979973196
2013-05-30	9.2326588E7	177638	5141.296563798286
2013-05-31	3.4575846E7	75332	5141.2519779111135
2013-06-03	4.2335703E7	68919	5175.219213859748
2013-06-04	9.2272474E7	242057	5159.027394374052
2013-06-05	6.8523876E7	220369	5199.505316083478
2013-06-06	4.9746658E7	85539	5189.026490840435
2013-06-07	5.2603294E7	118491	5211.9676599910545
2013-06-13	7.687512E7	163091	5101.153166023876
2013-06-14	4.3405816E7	99801	5174.3797356739915
2013-06-17	1.4552636E8	329379	5209.249681977297
2013-06-18	4.6460701E7	72646	5244.864947829199
2013-06-19	8.7960464E7	208487	5258.01193839424
2013-06-20	1.24952615E8	316797	5262.29475973573
2013-06-21	1.03318608E8	213530	5209.394272467569
2013-06-24	4.8792469E7	90949	5207.583854687792
2013-06-25	6.9885476E7	156770	5182.785871021241
2013-06-26	5.9214752E7	109151	5085.513765334262
2013-06-27	4.7425688E7	89514	5143.859351609804
2013-06-28	4.2607744E7	134185	5155.812125051235
2013-07-01	6.9903186E7	142119	5234.936412443093
2013-07-02	5.8900838E7	103713	5277.323990242303
2013-07-03	8.0228823E7	181752	5296.1981216162685
2013-07-04	1.75660306E8	386883	5091.155871413322
2013-07-05	1.47215255E8	217551	5090.247546552303
2013-07-08	8.6518424E7	173916	5137.949929851193
2013-07-09	1.49061204E8	227421	5039.972742183
2013-07-10	1.12371033E8	212448	5003.6526632399455
2013-07-11	1.43583663E8	254326	4973.862672318206
2013-07-12	9.8947508E7	168470	5049.361085059654
2013-07-15	1.22512637E8	253635	5098.55661482051
2013-07-16	1.27703627E8	180536	5026.454624008508
2013-07-17	1.06597843E8	195239	5120.46560881791
2013-07-18	8.4100297E7	172526	5078.7508549436025
2013-07-19	1.82501637E8	312499	4970.232842345095
2013-07-22	1.7851202E8	274866	4915.826184395305
2013-07-23	1.6999524E8	223473	4959.404129357909
2013-07-24	1.55969631E8	220266	4919.187677626143
2013-07-25	1.83983612E8	284246	5002.160533481562
2013-07-26	1.30282001E8	199796	4963.886934673367
2013-07-29	8.8026583E7	165486	5033.8816032776185
2013-07-30	2.28541876E8	366747	4966.658058552626
2013-07-31	7.7037836E7	111485	4955.2692290442665
2013-08-01	1.85514438E8	320101	4892.945967054148
2013-08-02	1.02106679E8	139525	4969.885798244042
2013-08-05	3.9595691E7	53402	5088.352514887083
2013-08-06	2.0585433E7	37860	5125.681801373481
2013-08-07	2.5181607E7	34208	5115.721556361085
2013-08-08	6.3208946E7	105415	5013.6618128349855
2013-08-09	5.7189959E7	84626	5048.34427953584
2013-08-12	1.07276861E8	279368	5161.7543562612755
2013-08-13	1.00447046E8	241951	5277.236031262529
2013-08-14	7.0689829E7	119719	5236.151688537325
2013-08-15	1.00506343E8	153767	5207.581529196772
2013-08-16	8.6134468E7	152809	5211.591202088882
2013-08-19	7.4245385E7	143448	5194.18951815292
2013-08-20	9.5865268E7	178869	5202.703492500098
2013-08-21	1.93645026E8	540118	5277.942819902318
2013-08-22	1.07074416E8	215222	5204.414330319391
2013-08-23	5.7072503E7	132082	5201.339410366288
2013-08-26	9.4090951E7	235361	5235.242227896721
2013-08-27	4.4986674E7	72362	5122.040891628203
2013-08-28	1.3476658E8	317657	5246.855258974302
2013-08-29	9.9316677E7	192585	5278.27661552042
2013-08-30	1.56278993E8	322577	5162.966414220481
2013-09-02	5.818754E7	97503	5183.806580310349
2013-09-03	6.7036088E7	136720	5180.910744587478
2013-09-04	6.2637401E7	117490	5154.062073367946
2013-09-05	7.5450971E7	178007	5233.39952361424
2013-09-06	1.79549173E8	553368	5142.77194380593
2013-09-09	8.8412169E7	177983	5238.758145440856
2013-09-10	4.9021922E7	100166	5233.852804344788
2013-09-11	9.0154371E7	245300	5257.778275580921
2013-09-12	5.3228467E7	95382	5219.111761128935
2013-09-13	4.1530466E7	78610	5272.0293474112705
2013-09-16	1.86432419E8	438994	5216.546041631548
2013-09-17	1.3340668E8	245623	5213.511519686675
2013-09-18	9.7104749E7	181877	5157.1675033126785
2013-09-23	6.8038796E7	148919	5123.6178728033365
2013-09-24	5.0172028E7	81901	5240.7235564889315
2013-09-25	4.6326184E7	87798	5224.436353903278
2013-09-26	5.945555E7	104362	5225.9482953565475
2013-09-27	4.4952824E7	104978	5248.580683571796
2013-09-30	3.5984447E7	66238	5207.513330716507
2013-10-08	1.09595676E8	262611	5186.208521349067
2013-10-09	4.1188994E7	68743	5185.807180367456
2013-10-10	1.05745599E8	197448	5263.797546695839
2013-10-11	8.9644825E7	127569	5258.850206554884
2013-10-14	1.28271026E8	189522	5310.809119785566
2013-10-15	1.12631106E8	165895	5358.967732601947
2013-10-16	1.19547677E8	206033	5323.636805754418
2013-10-17	9.7077182E7	203908	5368.3637964179925
2013-10-18	1.13608181E8	193175	5283.099919761874
2013-10-21	1.14729447E8	188070	5274.235928111873
2013-10-22	1.10975703E8	169451	5330.541702321025
2013-10-23	7.8573929E7	99683	5289.783112466519
2013-10-24	8.3824064E7	137619	5262.562255211853
2013-10-25	1.12836823E8	178549	5217.401693652723
2013-10-28	6.0118585E7	102059	5219.482064296142
2013-10-29	7.0529266E7	119461	5198.370037083232
2013-10-30	1.13272159E8	158478	5202.685098247075
2013-10-31	5.2926894E7	83860	5238.160422132125
2013-11-01	1.20186784E8	186547	5190.910564093767
2013-11-04	6.789446E7	129416	5202.864259442418
2013-11-05	7.3950476E7	122581	5225.737993653176
2013-11-06	7.4909056E7	125227	5190.129261261549
2013-11-07	1.21017903E8	232116	5168.428048906581
2013-11-08	1.06751371E8	227361	5173.483856070302
2013-11-11	1.85161991E8	360870	5142.437941641034
2013-11-12	3.37110758E8	799561	5138.211779964256
2013-11-13	8.5760321E7	130836	5159.53111528937
2013-11-14	3.9390539E7	48585	5165.06314706185
2013-11-15	1.80207704E8	245846	5139.9916614465965
2013-11-18	1.64436295E8	290703	5074.959181707791
2013-11-19	1.0950949E8	158043	5070.492486222104
2013-11-20	1.1730227E8	219056	5066.976407859178
2013-11-21	6.8158602E7	132530	5075.504557458688
2013-11-22	1.5244566E8	281612	5035.98362285698
2013-11-25	9.0525499E7	144531	5018.929309283129
2013-11-26	1.11859035E8	173303	5002.897058908386
2013-11-27	8.7553185E7	163921	5014.523880405805
2013-11-28	1.84265916E8	427001	5016.666192819221
2013-11-29	1.03323262E8	294637	5025.9684832522735
2013-12-02	2.0792514E8	371787	4972.52378108971
2013-12-03	7.9923245E7	119875	4957.9787278415015
2013-12-04	9.5158966E7	177481	4946.450960947933
2013-12-05	5.5800905E7	132513	4942.27573143767
2013-12-06	4.0433601E7	91350	4943.712391899288
2013-12-09	1.36031656E8	268965	4899.280977078802
2013-12-10	7.899941E7	162414	4876.276632556307
2013-12-11	7.8633388E7	114552	4886.4536978839305
2013-12-12	6.1029968E7	144455	4864.443003011318
2013-12-13	6.6818603E7	148009	4866.741468424218
2013-12-16	4.636312E7	92044	4885.654480465864
2013-12-19	5.7743002E7	108411	4871.804890647628
2013-12-20	1.04383658E8	206822	4899.711737629459
2013-12-23	5.6766066E7	82294	4882.143667825115
2013-12-24	4.1259146E7	94324	4856.292884101607
2013-12-25	5.2684017E7	140911	4856.886751211758
2013-12-26	5.246005E7	134229	4857.186658620715
2013-12-27	6.0704401E7	109232	4852.81022044822
2013-12-30	9.2391078E7	120441	4839.5396418163255
2013-12-31	1.6038023E8	303575	4790.219560240468
