2011-01-04	2.22187119E8	284678	7128.73339000555
2011-01-05	1.9427392E8	229756	7112.637994219955
2011-01-06	3.59759377E8	414802	7172.943035472345
2011-01-07	2.24537433E8	337562	6983.241742257718
2011-01-10	2.16254563E8	292998	6961.503771356801
2011-01-11	2.84360985E8	333312	6973.214051699309
2011-01-12	3.1555238E8	396587	7078.362656869741
2011-01-13	1.91293237E8	185741	7051.069844568512
2011-01-14	2.93697146E8	330467	7112.611165411372
2011-01-17	3.81896337E8	603133	7132.390869012307
2011-01-18	1.54146797E8	233964	7085.852255047786
2011-01-19	1.80534245E8	220754	7098.225427398824
2011-01-20	1.37206106E8	167210	7082.031870103463
2011-01-21	2.72843874E8	396223	7149.637454160915
2011-01-24	1.87082745E8	193522	7185.336452703052
2011-01-25	1.81323387E8	230319	7143.270898189034
2011-01-26	2.70056382E8	339640	7138.747176422094
2011-01-27	3.02904654E8	452835	7260.292143937638
2011-01-28	1.77317871E8	180820	7266.192998562106
2011-01-30	1.82622727E8	215113	7299.820912729589
2011-01-31	2.00087694E8	238247	7382.523460945993
2011-02-01	1.36467941E8	194081	7378.3498539269685
2011-02-09	2.01058265E8	226816	7344.384624541479
2011-02-10	1.84065048E8	270795	7462.325353126904
2011-02-11	1.58719758E8	164291	7484.467986682168
2011-02-12	2.36975611E8	291844	7510.456521292197
2011-02-14	3.33200705E8	352934	7474.322366221447
2011-02-15	3.11218611E8	218990	7461.17932325677
2011-02-16	2.61030045E8	322460	7386.181619425665
2011-02-17	3.18212396E8	326721	7399.05855454654
2011-02-18	3.45136164E8	471700	7331.412448590206
2011-02-21	2.02203794E8	257679	7231.688950205488
2011-02-22	1.94960941E8	210940	7255.101905755191
2011-02-23	2.62631966E8	305859	7286.017887327167
2011-02-24	2.63678958E8	338000	7206.580346153846
2011-02-25	1.65582151E8	192296	7203.572331197737
2011-02-28	2.96851432E8	407042	7346.742112607544
2011-03-01	1.63204026E8	134825	7359.5099054329685
2011-03-02	1.82921137E8	147188	7332.6030179090685
2011-03-03	2.70350588E8	227033	7375.844410283968
2011-03-04	2.69578457E8	288736	7313.122776515571
2011-03-07	2.97519346E8	402831	7315.123004436104
2011-03-08	4.45842086E8	593477	7282.868626753859
2011-03-09	1.72483587E8	210977	7306.792541367068
2011-03-10	4.25608794E8	564045	7258.912721502717
2011-03-11	5.42677399E8	776533	7145.4557501097825
2011-03-14	4.02473201E8	518215	7068.630556815221
2011-03-15	2.14058137E8	240253	7046.208575959509
2011-03-16	3.0290316E8	455824	6978.491319017867
2011-03-17	3.324895E8	370124	7082.560536468859
2011-03-18	2.05944185E8	265382	7160.965709806996
2011-03-21	2.92556734E8	355623	7153.170250518105
2011-03-22	2.01961226E8	267425	7142.486940263625
2011-03-23	3.70565688E8	541951	7248.14958547913
2011-03-24	3.46213067E8	384008	7250.164309076894
2011-03-25	2.8639311E8	356695	7316.667444174996
2011-03-28	3.38245672E8	397768	7233.969057339957
2011-03-29	2.17079024E8	228828	7178.011515199189
2011-03-30	2.0586271E8	190904	7190.117278841722
2011-03-31	2.46418819E8	202478	7217.912568279023
2011-04-01	2.65750814E8	286685	7244.068095645046
2011-04-02	8.7268159E7	98028	7252.995990941364
2011-04-06	2.74460595E8	304674	7292.690508543558
2011-04-07	2.69143495E8	229444	7277.443332577884
2011-04-08	3.44362362E8	377643	7322.5768940507305
2011-04-11	3.95345723E8	418374	7335.960272387863
2011-04-12	2.29370092E8	284250	7315.942701846966
2011-04-13	4.9140385E8	731611	7257.410630786032
2011-04-14	4.13489656E8	588482	7184.339325586849
2011-04-15	4.43842246E8	542825	7117.075213927141
2011-04-18	2.09897086E8	220862	7107.093845930944
2011-04-19	2.66001249E8	311081	7059.735065786725
2011-04-20	4.03345173E8	609839	7118.866830425735
2011-04-21	2.87138747E8	238537	7167.589111961666
2011-04-22	2.31406474E8	262560	7106.681444241316
2011-04-25	3.05378092E8	315409	7098.931622116046
2011-04-26	3.37295712E8	435018	7021.140148223752
2011-04-27	1.33861261E8	161733	7047.322092584692
2011-04-28	2.05147327E8	253546	7101.7849423773205
2011-04-29	2.92130269E8	380540	7034.488124770063
2011-05-03	2.14210427E8	329277	6903.354904836961
2011-05-04	2.92994504E8	421558	6859.069855156348
2011-05-05	2.13263581E8	293287	6768.888252803567
2011-05-06	1.71530266E8	323252	6725.082332050536
2011-05-09	1.68868748E8	236273	6734.122671655246
2011-05-10	1.83574416E8	208760	6842.9146915117835
2011-05-11	1.56974439E8	170244	6894.767903714668
2011-05-12	2.10153742E8	267218	6790.976251599817
2011-05-13	1.98601324E8	438942	6788.166662110256
2011-05-16	1.96635825E8	245046	6869.603772352946
2011-05-17	2.47776695E8	295492	6829.830753455254
2011-05-18	1.92371504E8	247658	6869.944249731485
2011-05-19	2.0480385E8	241178	6896.518144275183
2011-05-20	3.93717032E8	555796	6728.567190120116
2011-05-23	1.77874979E8	191524	6714.943991353564
2011-05-24	2.42715527E8	306492	6703.290826514232
2011-05-25	2.40719731E8	233573	6791.952066377535
2011-05-26	2.88789841E8	285696	6840.589259212589
2011-05-27	2.41970537E8	225681	6858.405758570726
2011-05-30	1.3429501E8	125891	6868.704244147715
2011-05-31	1.50119487E8	158451	6861.2601372033
2011-06-01	2.29403751E8	240905	6827.633286980345
2011-06-02	2.11727015E8	259849	6836.737405185319
2011-06-03	3.49588114E8	438264	6956.281998977785
2011-06-07	1.97199032E8	203205	6972.871287615954
2011-06-08	3.40901996E8	401494	6971.401714595984
2011-06-09	1.94349221E8	217831	7019.032451763064
2011-06-10	1.84817838E8	162713	6996.489628978631
2011-06-13	1.78620274E8	159381	6985.442311191422
2011-06-14	1.55334855E8	159860	6970.856505692481
2011-06-15	2.71127193E8	242786	7023.836905752391
2011-06-16	1.96957581E8	185426	7044.913124373065
2011-06-17	1.79638289E8	180296	7054.107340151751
2011-06-20	2.6197069E8	261694	7076.092948252539
2011-06-21	3.54009355E8	449769	7095.320208818304
2011-06-22	2.07473576E8	187455	7097.060926622389
2011-06-23	1.53929259E8	172613	7052.7681866371595
2011-06-24	1.68467226E8	165782	7081.240581003969
2011-06-27	2.99643425E8	294320	7004.00241234031
2011-06-28	1.44795765E8	107543	6997.105046353551
2011-06-29	1.83274406E8	162275	7101.293452472654
2011-06-30	1.84600371E8	156081	7082.135307949077
2011-07-01	1.64280972E8	141819	7106.346702486972
2011-07-04	3.70676379E8	490711	7153.69135804985
2011-07-05	2.78316109E8	299637	7191.193056932221
2011-07-06	3.43372948E8	413705	7196.312070194946
2011-07-07	5.45450793E8	676070	7280.844272042836
2011-07-08	4.80255993E8	654088	7376.848488276807
2011-07-11	4.81993256E8	541255	7366.794684575662
2011-07-12	2.57968125E8	304125	7285.1571491985205
2011-07-13	3.99360408E8	670567	7399.382445005495
2011-07-14	3.62975763E8	415178	7370.804170741224
2011-07-15	2.8418873E8	315146	7336.703512022998
2011-07-18	3.98578626E8	580301	7409.834203284157
2011-07-19	4.56856199E8	748096	7466.212486098041
2011-07-20	3.58285969E8	466301	7520.764261710783
2011-07-21	4.08359911E8	436307	7521.4302360493875
2011-07-22	4.97025466E8	666433	7502.453858077256
2011-07-25	4.47139078E8	656115	7627.355062755767
2011-07-26	3.8075621E8	365974	7623.305038062813
2011-07-27	5.22138868E8	559971	7656.481503506431
2011-07-28	2.81736855E8	298000	7625.477238255034
2011-07-29	4.77726687E8	565757	7581.721689700702
2011-08-01	2.53425541E8	306225	7611.814600375541
2011-08-02	4.86378508E8	544519	7579.365013892995
2011-08-03	3.62206187E8	410989	7546.662200204872
2011-08-04	3.64219289E8	583090	7624.8417002521055
2011-08-05	8.84519453E8	1521626	7430.410292016567
2011-08-08	3.67524433E8	511448	7541.368567283477
2011-08-09	5.39204865E8	755572	7428.355251385705
2011-08-10	2.46110679E8	323888	7604.588894926641
2011-08-11	3.46621633E8	413137	7703.43333325265
2011-08-12	6.02273923E8	793439	7690.059346717265
2011-08-15	6.7160972E8	950712	7637.018704928517
2011-08-16	4.84527529E8	581727	7591.509183861158
2011-08-17	3.87142134E8	360456	7686.6588321459485
2011-08-18	4.32942948E8	542713	7676.642361616545
2011-08-19	7.61790147E8	1028116	7508.704984651537
2011-08-22	4.71526635E8	674703	7636.065136808344
2011-08-23	3.18043217E8	314763	7576.446898142412
2011-08-24	2.47389152E8	348789	7654.065323160994
2011-08-25	5.72119495E8	749752	7465.043685111877
2011-08-26	3.29578019E8	336456	7473.434838433554
2011-08-29	2.77041698E8	316366	7533.713625990151
2011-08-30	2.38969258E8	220131	7484.127733031694
2011-08-31	1.01402703E8	125061	7444.95009635298
2011-09-01	1.55641461E8	137817	7492.966332165118
2011-09-02	2.4261798E8	231046	7426.7644624879895
2011-09-05	3.62627813E8	392422	7358.121557914694
2011-09-06	4.08992619E8	589492	7199.734081208905
2011-09-07	1.93732486E8	199177	7268.159872876889
2011-09-08	2.0498191E8	222558	7338.925785637901
2011-09-09	2.64331349E8	253522	7263.026281742807
2011-09-13	1.74597887E8	152404	7229.309106060208
2011-09-14	4.53034681E8	689980	7105.970654221862
2011-09-15	1.54166209E8	132059	7125.46728356265
2011-09-16	2.80049399E8	317478	7079.682081908038
2011-09-19	2.40758549E8	376480	7007.585712388441
2011-09-20	1.67360471E8	152518	6952.907761706815
2011-09-21	1.50340971E8	168449	7088.626777244151
2011-09-22	1.82964912E8	350546	6971.2016682546655
2011-09-23	3.32054681E8	372265	6958.810677877319
2011-09-26	1.59658579E8	154992	6881.042266697636
2011-09-27	1.7705684E8	209720	7046.777107572001
2011-09-28	2.31882161E8	255730	7103.99361044852
2011-09-29	1.92784933E8	273382	7010.294145188784
2011-09-30	3.51315751E8	374754	7121.858744669837
2011-10-08	1.92629996E8	146836	7118.514757961263
2011-10-09	1.57418742E8	113423	7071.017183463671
2011-10-10	1.65492246E8	119098	7079.002829602512
2011-10-11	1.96623081E8	167791	7101.614830354429
2011-10-12	3.83803685E8	228141	7020.853559859911
2011-10-13	2.81943786E8	311214	7008.82235053693
2011-10-14	3.02366533E8	245888	7046.521810743103
2011-10-17	1.97023508E8	188288	7082.029029996601
2011-10-18	1.65904255E8	138850	7083.907346056896
2011-10-19	3.70296431E8	314799	7081.776908439989
2011-10-20	5.29623174E8	689300	6933.339061366604
2011-10-21	1.54230896E8	106856	7022.719922138204
2011-10-24	3.18846923E8	277901	6940.11422772858
2011-10-25	3.43439716E8	315132	7104.8665289466
2011-10-26	3.17000967E8	256432	7113.826866381731
2011-10-27	2.38322076E8	212859	7129.239346233892
2011-10-28	2.92049288E8	257999	7096.9567168865
2011-10-31	1.41413818E8	110147	7055.663930928668
2011-11-01	1.33505975E8	95219	7034.245402703242
2011-11-02	1.34142195E8	107251	7046.519743405656
2011-11-03	1.94991557E8	125671	7070.838960460249
2011-11-04	2.2491325E8	145709	7113.726152811426
2011-11-07	1.99567287E8	99799	7054.298079139069
2011-11-08	1.76963375E8	110055	7052.527427195493
2011-11-09	1.8586476E8	155206	7100.996372562917
2011-11-10	3.0412513E8	326312	6937.958122900782
2011-11-11	2.59750392E8	218906	7024.22154257992
2011-11-14	3.10415819E8	281777	7021.8910769864115
2011-11-15	2.47343293E8	235358	6909.758074932656
2011-11-16	3.24158872E8	241584	6894.9435807007085
2011-11-17	1.80753444E8	189798	6975.095064226177
2011-11-18	2.36395389E8	237009	6896.682737786329
2011-11-21	3.21037981E8	369238	6746.787191459167
2011-11-22	3.57420799E8	395841	6805.484846188242
2011-11-23	3.38118052E8	333308	6700.548096655346
2011-11-24	4.25476945E8	614794	6602.312709623061
2011-11-25	3.50039123E8	387083	6606.759105928186
2011-11-28	1.27232632E8	118318	6655.8010953532
2011-11-29	2.19298123E8	215571	6611.4897783096985
2011-11-30	2.04645255E8	243799	6601.241875479391
2011-12-01	1.56669499E8	188254	6661.696102074857
2011-12-02	1.0928827E8	96006	6634.724704705955
2011-12-05	1.47081557E8	122916	6639.025757427837
2011-12-06	1.15970787E8	105469	6658.513525301273
2011-12-07	1.60410364E8	149457	6623.4087329466
2011-12-08	2.43502103E8	307479	6501.4131891934085
2011-12-09	1.07193897E8	130125	6553.852541786743
2011-12-12	1.71368729E8	194505	6445.358695149225
2011-12-13	1.67770797E8	257184	6376.259479594376
2011-12-14	1.565849E8	258002	6372.5765808016995
2011-12-15	1.5459579E8	215199	6367.152166134601
2011-12-16	1.96047007E8	260130	6386.103602045131
2011-12-19	3.00048326E8	318162	6385.480673367655
2011-12-20	1.55680845E8	189722	6382.028873825913
2011-12-21	2.0391942E8	265293	6325.639696486526
2011-12-22	2.22678952E8	276451	6314.641393954083
2011-12-23	2.70080411E8	371356	6328.593786016652
2011-12-26	9.8197558E7	109866	6295.751124096627
2011-12-27	1.02194177E8	120627	6294.906679267494
2011-12-28	1.10777006E8	108673	6280.499480091651
2011-12-29	1.30833908E8	170325	6220.137249376193
2011-12-30	1.70481348E8	243054	6130.401630913295
2011-12-31	1.52683978E8	147282	6100.897339797124
