2009-01-04	1.61674229E8	460360	2824.3031019202363
2009-01-05	1.41471095E8	419527	2823.4918181666494
2009-01-06	8.4491048E7	206177	2798.935016999956
2009-01-07	1.13116729E8	332283	2811.22417337029
2009-01-08	8.6225458E7	220036	2782.8197294988095
2009-01-09	9.6528746E7	212408	2791.7641614251816
2009-01-12	1.88201601E8	634212	2849.9666862184886
2009-01-13	1.21582221E8	339050	2848.2037959003096
2009-01-14	1.66679271E8	555477	2904.5238362704486
2009-01-15	8.2333494E7	226080	2945.673332448691
2009-01-16	4.8624285E7	138709	2950.037575067227
2009-01-19	8.7569873E7	234516	2974.76118900203
2009-01-20	7.5063762E7	183062	2934.3667118244093
2009-01-21	6.2252254E7	110279	2904.227250881854
2009-01-22	4.9752893E7	91418	2932.152595768886
2009-01-23	4.3767939E7	71510	2922.1400503426094
2009-02-01	6.109498E7	126523	2952.6363032808263
2009-02-02	1.03803403E8	226446	2982.0325596389425
2009-02-03	1.45494759E8	318624	2987.458568720498
2009-02-04	2.08408229E8	594369	3051.6563447959097
2009-02-05	1.40521358E8	269688	3064.9816936608227
2009-02-06	1.63774671E8	368900	3102.7200325291406
2009-02-09	1.75265846E8	467584	3186.484426327676
2009-02-10	1.72737017E8	520725	3184.685530750396
2009-02-11	2.28125451E8	738274	3242.149597574884
2009-02-12	3.20277483E8	985681	3292.1015085002145
2009-02-13	2.70191877E8	921296	3336.6494297163995
2009-02-16	2.76173547E8	893141	3424.006519687261
2009-02-17	1.65789188E8	465774	3346.1189804497462
2009-02-18	2.49491412E8	758884	3351.323853184413
2009-02-19	9.3659419E7	218923	3378.1025748779252
2009-02-20	1.7402657E8	519934	3358.500932810703
2009-02-23	3.12776622E8	774140	3426.792445810835
2009-02-24	2.09223957E8	488150	3474.0888579330126
2009-02-25	2.47051737E8	761192	3468.0375437471753
2009-02-26	1.83939351E8	536085	3505.494514862382
2009-02-27	1.57960941E8	462966	3504.7405878617437
2009-03-02	2.29997197E8	663333	3545.5754862188373
2009-03-03	2.19288661E8	708595	3548.843229207093
2009-03-04	2.47776507E8	925744	3485.4254934409514
2009-03-05	1.31999257E8	438060	3493.016242067297
2009-03-06	7.8985332E7	162770	3469.3606377096517
2009-03-09	7.3816621E7	168206	3464.1266126059713
2009-03-10	1.3201029E8	345953	3486.470006041283
2009-03-11	3.00909857E8	935498	3569.455060299434
2009-03-12	3.04015699E8	791239	3635.018356021379
2009-03-13	3.98584614E8	1366856	3656.5607101260116
2009-03-16	4.8531029E8	2195526	3741.4502643102383
2009-03-17	1.98406825E8	810440	3744.8763671585807
2009-03-18	3.48763815E8	1433852	3765.1012712609113
2009-03-19	3.06376613E8	1062064	3709.443505287817
2009-03-20	1.30592903E8	354923	3723.7638135595607
2009-03-23	1.29165989E8	416990	3718.076505431785
2009-03-24	1.45707628E8	384707	3733.402501124232
2009-03-25	8.4043114E7	161360	3666.4746653445713
2009-03-26	1.75074084E8	461989	3679.338192034875
2009-03-27	8.9559064E7	186441	3665.8695619525747
2009-03-30	1.40336311E8	413403	3697.8661088574586
2009-03-31	1.10152284E8	232481	3706.591699966879
2009-04-01	1.74115442E8	523725	3709.9728426177862
2009-04-02	1.08567841E8	342145	3691.6673866343217
2009-04-03	8.9822813E7	220493	3699.0163950783017
2009-04-07	5.0341287E7	128342	3683.7989356562935
2009-04-08	7.0600737E7	165494	3664.7662030043384
2009-04-09	1.30401708E8	372439	3683.9266859807913
2009-04-10	2.16580124E8	652593	3745.728369749599
2009-04-13	1.73614088E8	548092	3749.058200083198
2009-04-14	8.7783033E7	196843	3762.3442235690372
2009-04-15	5.9957955E7	134684	3735.785007870274
2009-04-16	1.03574985E8	269580	3730.4497737220863
2009-04-17	8.1127279E7	172461	3712.114738984466
2009-04-20	6.6478125E7	158806	3738.111286727202
2009-04-21	9.4051482E7	214759	3739.402860881267
2009-04-22	7.3902709E7	139073	3710.4207790153373
2009-04-23	6.5491467E7	124494	3710.7500763088983
2009-04-24	9.3579881E7	202816	3730.091629851688
2009-04-27	1.27982579E8	276041	3805.6328733775053
2009-04-28	9.0444388E7	247709	3782.2159832706925
2009-04-29	1.27497989E8	337452	3823.177711200408
2009-04-30	1.62398342E8	426542	3869.1577054545623
2009-05-04	1.21001073E8	400862	3794.7012388303206
2009-05-05	7.8223397E7	180440	3814.769812680115
2009-05-06	4.4362311E7	105472	3826.595854824029
2009-05-07	9.2327383E7	196189	3863.698489721646
2009-05-08	9.0334118E7	182596	3829.6106212622403
2009-05-11	5.8985044E7	142079	3835.4262910071157
2009-05-12	6.6485761E7	127737	3823.5761682206407
2009-05-13	1.44684937E8	345210	3845.7287969641666
2009-05-14	1.32031908E8	289403	3852.949883035076
2009-05-15	8.6412492E7	205408	3855.770554214052
2009-05-18	5.1756622E7	83579	3830.0028117110755
2009-05-19	8.5086007E7	160749	3834.6151018046767
2009-05-20	1.00229732E8	223453	3812.299091979074
2009-05-21	1.07132326E8	178968	3824.4043683787045
2009-05-22	7.8799866E7	227905	3810.1650907176236
2009-05-25	7.5213157E7	151441	3889.042029569271
2009-05-26	4.7976268E7	91036	3837.3536732721122
2009-05-27	9.9576139E7	190003	3875.8428709020386
2009-05-31	4.6508628E7	86237	3834.7395897352644
2009-06-01	1.3599767E8	347149	3876.7066763839157
2009-06-02	1.51855763E8	407390	3924.23619136454
2009-06-03	1.11618934E8	253230	3925.6737906251233
2009-06-04	9.4689626E7	221093	3929.814720502232
2009-06-05	2.23400661E8	679499	3975.515497447384
2009-06-08	1.78435839E8	435063	3941.775324493234
2009-06-09	8.9398663E7	309948	3912.8228412507906
2009-06-10	8.7485791E7	235279	3889.4763663565386
2009-06-11	8.5013394E7	179618	3913.0799140397958
2009-06-12	4.5635519E7	102741	3921.9157201117373
2009-06-15	1.36568532E8	333765	3882.2619447815077
2009-06-16	9.5286014E7	256122	3840.4866743192697
2009-06-17	1.0714468E8	234398	3894.2682275446036
2009-06-18	6.5437729E7	131442	3883.26953333029
2009-06-19	6.4793993E7	119128	3852.6931200053723
2009-06-22	8.2971186E7	184641	3904.211426497907
2009-06-23	5.9652265E7	95836	3856.790016277808
2009-06-24	1.72572061E8	456973	3854.379948049447
2009-06-25	1.38984311E8	410266	3808.712340286546
2009-06-26	1.3742623E8	343815	3934.671910765964
2009-06-29	5.0577848E7	128058	3967.3276327913914
2009-06-30	1.46220945E8	363295	3901.9250443854166
2009-07-01	1.81136689E8	471979	3963.2142934325466
2009-07-02	2.70811422E8	729718	3912.989316420864
2009-07-03	1.81000341E8	581157	3904.2114815789882
2009-07-06	9.0543556E7	299190	3872.252692269127
2009-07-07	1.92392518E8	451687	3865.318490459101
2009-07-08	1.40031013E8	361793	3855.4410256693745
2009-07-09	2.2270813E8	592768	3866.343969310084
2009-07-10	2.19315133E8	603942	3888.058946057734
2009-07-13	2.02564365E8	597816	3863.8527105330068
2009-07-14	1.15641123E8	317536	3889.753076816487
2009-07-15	2.03054846E8	990141	3844.3137391543223
2009-07-16	1.75032088E8	524313	3835.415831764614
2009-07-17	8.5191025E7	192116	3821.746429240667
2009-07-20	9.5443567E7	177109	3837.9819659080003
2009-07-21	7.3408986E7	227031	3821.253701036422
2009-07-22	9.0895352E7	290280	3831.7953493178998
2009-07-23	1.38133664E8	322447	3806.9609455197287
2009-07-24	9.2617154E7	182968	3801.2623136286124
2009-07-27	1.48746757E8	429918	3782.216171455952
2009-07-28	2.03355551E8	547141	3788.607625822229
2009-07-29	7.0918816E7	191799	3790.3220454746897
2009-07-30	1.2998552E8	288703	3802.080383646862
2009-07-31	3.72791367E8	1298483	3829.1037171838216
2009-08-03	4.88045797E8	1883238	3866.5709336791206
2009-08-04	2.88857488E8	1028612	3918.6341574860103
2009-08-05	2.71516183E8	758641	3927.250193438003
2009-08-06	2.13369689E8	482450	3917.6791377344803
2009-08-07	2.25792443E8	677483	3909.445287926044
2009-08-10	3.8498145E7	130497	4022.397756270259
2009-08-11	3.42958153E8	1328322	4178.034879344014
2009-08-12	3.19246068E8	986581	4238.364656323201
2009-08-13	3.71323521E8	1088677	4368.362390314115
2009-08-14	1.82730046E8	432931	4257.800734990103
2009-08-17	1.94228453E8	412915	4317.290178366007
2009-08-18	2.54793677E8	669906	4282.807511800163
2009-08-19	1.91256141E8	509815	4222.728246520796
2009-08-20	1.98328569E8	474086	4166.298260231266
2009-08-21	1.41054132E8	303121	4142.082531398352
2009-08-24	9.9138607E7	248435	4190.164336748043
2009-08-25	1.79735185E8	425539	4247.2325286283985
2009-08-26	1.12906913E8	239510	4202.360694751785
2009-08-27	1.59905193E8	324752	4274.299268364783
2009-08-28	3.9944755E8	1262047	4417.841547105615
2009-08-31	3.42891636E8	1209203	4367.763657549643
2009-09-01	2.42172206E8	633090	4219.823535358322
2009-09-02	1.40308823E8	386848	4169.944202891058
2009-09-03	1.9778919E8	527276	4200.80669895842
2009-09-04	1.66981482E8	475041	4148.312271993364
2009-09-07	1.41009412E8	370634	4130.376333525796
2009-09-08	1.66323705E8	398020	4108.482930506005
2009-09-09	7.9793484E7	174709	4178.174244028642
2009-09-10	1.94253502E8	504686	4175.7384690678955
2009-09-11	2.29394458E8	456101	4220.700958778867
2009-09-14	1.3285188E8	288445	4201.648841200229
2009-09-15	1.5575198E8	378420	4268.1384044183715
2009-09-16	9.4647383E7	189743	4255.107882767744
2009-09-17	1.3627242E8	255270	4280.855031926979
2009-09-18	9.9460787E7	247899	4273.805077874457
2009-09-21	1.66692113E8	355636	4318.225514289892
2009-09-22	1.14299551E8	172937	4323.758900640118
2009-09-23	1.59280169E8	379620	4297.473871239661
2009-09-24	1.62522859E8	365268	4262.823452916762
2009-09-25	1.08026946E8	252383	4221.1598483257585
2009-09-27	9.1040019E7	155271	4286.695165227248
2009-09-28	6.1569469E7	121771	4271.78827471237
2009-09-29	1.1156135E8	228086	4298.004002876108
2009-09-30	1.55386149E8	319485	4309.656888429817
2009-10-09	7.5288592E7	140045	4253.86080902567
2009-10-10	1.95629891E8	406128	4196.043210514911
2009-10-12	1.42961857E8	267804	4167.105278487252
2009-10-13	1.33307133E8	210916	4208.904473818961
2009-10-14	1.38483056E8	301877	4221.0166922289545
2009-10-15	1.57158877E8	361363	4210.096689478447
2009-10-16	1.60695488E8	317320	4184.187173830834
2009-10-19	2.49395589E8	573379	4206.904980824202
2009-10-20	2.32039078E8	483164	4228.060544659785
2009-10-21	2.17992394E8	410653	4185.7666594424
2009-10-22	2.03411357E8	395606	4165.685004777481
2009-10-23	2.42342724E8	500481	4232.252171411103
2009-10-26	2.07064303E8	464657	4351.524257678245
2009-10-27	1.84502042E8	383346	4372.6418222702205
2009-10-28	2.46419581E8	509828	4399.268398361801
2009-10-29	1.61117582E8	328872	4370.015112262521
2009-10-30	2.72580675E8	784598	4406.487961988178
2009-11-02	1.25539934E8	275530	4341.102293761115
2009-11-03	1.65680524E8	344923	4384.230463030879
2009-11-04	2.28909353E8	710727	4431.693440660057
2009-11-05	8.4768805E7	172051	4359.8874287275285
2009-11-06	1.36148621E8	443005	4374.516811322671
2009-11-09	1.40883224E8	364338	4407.472440426198
2009-11-10	1.58610167E8	328282	4400.334928506589
2009-11-11	1.09027446E8	206978	4377.5763172897605
2009-11-12	8.8361936E7	154178	4361.956323210834
2009-11-13	1.65148288E8	321720	4346.563760412781
2009-11-16	1.63239951E8	497780	4374.049535939572
2009-11-17	2.37577154E8	795960	4420.332279260264
2009-11-18	1.35826536E8	303933	4405.322906693252
2009-11-19	1.35254784E8	364891	4394.2526398294285
2009-11-20	1.71557849E8	472508	4408.994776808012
2009-11-23	3.31357199E8	1356902	4489.929981678853
2009-11-24	1.96942558E8	395241	4460.032648434752
2009-11-25	1.34161828E8	364020	4436.80016757321
2009-11-26	2.03746501E8	513841	4495.445647583591
2009-11-27	1.5051361E8	344668	4463.050793807374
2009-11-30	2.22368888E8	511799	4595.376407534989
2009-12-01	1.26900535E8	214060	4604.1463982061105
2009-12-02	2.76568808E8	648636	4651.019174082228
2009-12-03	2.4948137E8	584362	4770.451245974242
2009-12-04	3.10871391E8	678337	4821.303761994407
2009-12-07	1.62472612E8	455576	4926.605229423851
2009-12-08	2.45902191E8	699450	4986.621495460719
2009-12-09	3.09559662E8	884155	5019.907570505172
2009-12-10	2.58008703E8	614841	4964.979258052082
2009-12-11	2.27986536E8	473670	4963.980157071379
2009-12-14	2.84244436E8	765637	4956.367941988175
2009-12-15	2.85497146E8	785796	5000.581680232529
2009-12-16	2.50291524E8	544858	4979.850320634
2009-12-17	2.03302706E8	439424	5029.302140984561
2009-12-18	1.26451218E8	251251	4991.390704912617
2009-12-21	2.28503346E8	497675	4995.610822323806
2009-12-22	2.23991238E8	493129	5001.666075205474
2009-12-23	2.73037805E8	603199	5042.317933219385
2009-12-24	3.42158636E8	898217	5113.757902600374
2009-12-25	3.18462558E8	837457	5223.624034428036
2009-12-28	1.90306202E8	412878	5207.846078018204
2009-12-29	2.40742637E8	422546	5317.808986477212
2009-12-30	3.58045192E8	830441	5196.501773154264
2009-12-31	2.21909416E8	495953	5184.091492540624
