2010-01-04	1.5683573E7	71408	5393.677655164687
2010-01-05	2.3754892E8	638683	5480.010114563876
2010-01-06	3.25213365E8	746852	5527.715768318221
2010-01-07	3.0865647E8	780179	5510.400988747454
2010-01-08	1.02014356E8	200808	5302.467048125573
2010-01-11	2.56456503E8	598738	5220.142900567527
2010-01-12	2.17676648E8	400069	5190.317425244145
2010-01-13	2.47500188E8	509337	5187.998484304105
2010-01-14	4.308496E8	1433013	5055.536903712667
2010-01-15	2.90708337E8	745989	5033.305303429407
2010-01-18	2.83249273E8	518220	5044.876602601212
2010-01-19	1.99485218E8	427982	5028.421973354019
2010-01-20	2.50948276E8	503748	5103.933790307852
2010-01-21	2.82958502E8	717789	5193.4307588999
2010-01-22	2.9636818E8	512830	5206.711617885069
2010-01-25	1.85227558E8	397374	5188.58439907996
2010-01-26	3.53102746E8	655634	5263.216601030453
2010-01-27	1.49019151E8	240124	5240.312117905749
2010-01-28	1.09780136E8	306129	5051.836924956473
2010-01-29	1.96164571E8	420308	5072.540558352446
2010-02-01	1.56898977E8	235995	5123.548863323375
2010-02-02	3.79402602E8	542541	5229.782433032711
2010-02-03	4.26393309E8	864339	5306.077360850314
2010-02-04	2.77649538E8	498902	5312.563353123459
2010-02-05	1.54724007E8	310186	5188.168956690502
2010-02-08	3.52081823E8	644088	5283.859381016258
2010-02-09	1.55545569E8	206385	5301.603101000557
2010-02-10	3.19731094E8	556359	5399.302062157708
2010-02-11	3.90844582E8	748348	5494.622785121361
2010-02-12	2.5306451E8	386966	5592.34632500013
2010-02-21	3.57244267E8	809990	5700.750322843492
2010-02-22	7.05429878E8	1182429	5656.134027497634
2010-02-23	4.58513945E8	669949	5559.062058455196
2010-02-24	3.44813575E8	512554	5592.623231893615
2010-02-25	4.10732161E8	704537	5597.928313204275
2010-02-26	3.61172681E8	319560	5582.38512329453
2010-03-01	2.95161762E8	246119	5591.379755321613
2010-03-02	3.01712444E8	439034	5502.38008673588
2010-03-03	2.08288482E8	285289	5511.867958456162
2010-03-04	1.93170699E8	269172	5464.193448798538
2010-03-05	2.21222192E8	301987	5487.307271505065
2010-03-08	2.52852506E8	256655	5518.954545985856
2010-03-09	2.68089174E8	207445	5507.26632119357
2010-03-10	3.47264357E8	473870	5394.1576867073245
2010-03-11	1.57787568E8	297418	5228.551019104425
2010-03-12	2.53699436E8	491926	5161.8603550127455
2010-03-15	2.11940018E8	397505	5155.958050842128
2010-03-16	1.16811293E8	228432	5098.97816855782
2010-03-17	1.40220786E8	248094	5076.3493595169575
2010-03-18	2.71026176E8	294916	5178.782643193316
2010-03-19	2.0397242E8	348556	5239.023494072689
2010-03-22	1.56574325E8	158926	5219.840435171086
2010-03-23	2.05875072E8	313549	5119.507416703609
2010-03-24	1.74563428E8	379826	4994.722014817311
2010-03-25	1.30897756E8	235871	5070.128934883898
2010-03-26	1.80251921E8	332197	5058.79943226459
2010-03-29	1.91664041E8	341919	5168.3664756857615
2010-03-30	2.22900958E8	317192	5172.327170924866
2010-03-31	9.6652093E7	123871	5161.5701738098505
2010-04-01	1.12814223E8	189598	5091.890088503043
2010-04-02	1.36604029E8	213809	5156.6784934216985
2010-04-06	8.9805674E7	139339	5201.316939263235
2010-04-07	1.09585383E8	179881	5164.816734396629
2010-04-08	1.1580476E8	185417	5187.602469029269
2010-04-09	9.9827992E7	155761	5185.577911030361
2010-04-12	1.29965373E8	185028	5236.147431740061
2010-04-13	1.13392953E8	132496	5222.933620637604
2010-04-14	1.13582536E8	126756	5229.178445201805
2010-04-15	1.62981414E8	223330	5224.054838131912
2010-04-16	8.5908187E7	99233	5196.681476928038
2010-04-19	1.73911833E8	294711	5133.081462856832
2010-04-20	7.6309685E7	118749	5142.1468138679065
2010-04-21	1.03435646E8	157168	5126.618306525502
2010-04-22	1.14721215E8	158016	5159.856286705144
2010-04-23	1.20880237E8	138478	5173.642073109086
2010-04-26	2.43374321E8	376284	5069.587253244889
2010-04-27	1.40436495E8	264353	5023.325383105166
2010-04-28	2.60740287E8	480898	5083.876439494446
2010-04-29	1.0773184E8	211571	5005.251589300991
2010-04-30	1.34645983E8	145010	5022.919805530653
2010-05-04	2.24520257E8	375558	4964.103720330814
2010-05-05	9.4595431E7	170812	4888.939933962485
2010-05-06	1.17328003E8	223913	4916.909451438729
2010-05-07	1.12437239E8	199399	4862.261270116701
2010-05-10	1.91008593E8	397998	4940.665779727537
2010-05-11	1.29457632E8	229048	4967.834401522825
2010-05-12	1.43554557E8	243485	5001.102351274206
2010-05-13	1.99641102E8	405636	5061.41980001775
2010-05-14	1.2007439E8	235451	4985.994691039749
2010-05-17	1.54004323E8	338113	4870.207389245607
2010-05-18	2.49120623E8	577534	4933.372487160929
2010-05-19	1.92529662E8	389284	4975.316945982881
2010-05-20	1.08657196E8	207629	5001.784081221795
2010-05-21	1.1632542E8	200900	4960.716460925833
2010-05-24	1.72878225E8	301965	5030.363313629063
2010-05-25	1.04159782E8	141301	5011.87196835125
2010-05-26	6.9192923E7	100018	5014.155152072627
2010-05-27	7.6661326E7	105158	5016.325110785675
2010-05-28	1.69089183E8	263255	4977.0837400999035
2010-05-31	1.22910077E8	208417	4886.4304303391755
2010-06-01	1.33510933E8	237995	4881.478077270531
2010-06-02	2.0009173E8	304168	4949.750719996844
2010-06-03	1.51657862E8	246449	4953.125222662701
2010-06-04	1.40498569E8	230791	4987.606951744218
2010-06-07	2.04637943E8	360522	4921.6680812821405
2010-06-08	1.28582026E8	203202	4959.597095501029
2010-06-09	1.66672269E8	285952	5050.102915873993
2010-06-10	1.43397756E8	219131	4984.718524535552
2010-06-11	1.69212429E8	260942	4983.117114147972
2010-06-12	3.45263347E8	511266	5050.308678848192
2010-06-13	9.8334623E7	107587	5091.121315772351
2010-06-17	1.40884348E8	289070	5075.594330093057
2010-06-18	1.38306648E8	222309	5019.451668623403
2010-06-21	2.2338634E8	426965	5093.528148677292
2010-06-22	1.32953902E8	185721	5062.03769632944
2010-06-23	1.17749717E8	271623	5040.683149070587
2010-06-24	1.7671858E8	280085	5082.348337111948
2010-06-25	2.82966116E8	421388	5162.2633558620555
2010-06-28	3.00924056E8	473318	5036.994257560456
2010-06-29	4.15427661E8	551439	4993.320564921959
2010-06-30	2.52728771E8	283482	5074.0462039917875
2010-07-01	4.14527738E8	762991	5021.753100626351
2010-07-02	3.74058685E8	736360	5099.767557987941
2010-07-05	3.92476065E8	662010	5228.42610383529
2010-07-06	3.74526295E8	714760	5283.6227251105265
2010-07-07	2.04286147E8	278282	5257.065494713996
2010-07-08	2.15694784E8	343242	5229.4228357835
2010-07-09	2.02814726E8	267581	5186.479903281623
2010-07-12	2.01429495E8	260998	5204.541812580939
2010-07-13	1.30285534E8	185084	5259.099068531045
2010-07-14	1.1111897E8	174533	5152.973271530313
2010-07-15	1.43373437E8	206570	5179.324795468849
2010-07-16	1.82764128E8	226135	5256.513295155549
2010-07-19	1.69541275E8	239268	5159.89956032566
2010-07-20	3.01821548E8	597100	5234.643674426395
2010-07-21	1.30084678E8	196135	5217.630703342086
2010-07-22	9.3760236E7	162853	5166.334491842336
2010-07-23	1.30206576E8	175929	5211.272132508
2010-07-26	1.54796808E8	258502	5202.079535168006
2010-07-27	2.15612633E8	391155	5171.840684639082
2010-07-28	2.11053223E8	308974	5191.1390958462525
2010-07-29	2.47869289E8	354160	5210.535506550712
2010-07-30	3.09594899E8	551357	5220.255828800578
2010-08-02	2.28905199E8	454802	5352.855394215505
2010-08-03	1.8805804E8	298450	5356.590303233373
2010-08-04	2.64675828E8	476631	5273.901622009479
2010-08-05	2.64810494E8	380863	5302.0635372824345
2010-08-06	2.21274103E8	404659	5307.216397015759
2010-08-09	2.25185668E8	416409	5359.7056787917645
2010-08-10	2.20799276E8	373545	5381.064281411878
2010-08-11	2.25220471E8	340206	5368.9234081703435
2010-08-12	1.89758187E8	288491	5385.919695935055
2010-08-13	1.63132512E8	252123	5387.665710784022
2010-08-16	2.30706507E8	404276	5433.082463465553
2010-08-17	1.95011978E8	294546	5348.8512015101205
2010-08-18	2.04402933E8	338422	5450.983278273871
2010-08-19	1.33633342E8	183342	5411.003932541371
2010-08-20	1.15690188E8	196814	5403.537299175871
2010-08-23	1.2859568E8	146696	5367.0196869716965
2010-08-24	1.08138617E8	129464	5352.88862540938
2010-08-25	1.39067327E8	190915	5374.212314380746
2010-08-26	1.83807431E8	239202	5290.9675253551395
2010-08-27	3.03654287E8	462778	5371.105151930299
2010-08-30	2.75386624E8	433328	5505.718434996123
2010-08-31	2.08997617E8	224684	5541.904701714408
2010-09-01	1.67452502E8	198983	5524.408235879447
2010-09-02	2.15015603E8	263479	5573.498597611195
2010-09-03	1.033499E8	115584	5559.9283291805095
2010-09-06	1.23420547E8	152716	5556.82897011446
2010-09-07	1.10010376E8	147835	5613.690797172523
2010-09-08	1.19323357E8	160045	5628.253772376519
2010-09-09	1.6232888E8	245477	5560.461464821551
2010-09-10	1.76401998E8	220588	5654.891852684643
2010-09-13	2.36547288E8	366497	5750.630455365255
2010-09-14	2.74941573E8	431690	5714.458634668396
2010-09-15	2.53431535E8	404048	5662.069464519067
2010-09-16	1.92246587E8	307592	5681.99831920206
2010-09-17	2.33510904E8	359802	5690.626044324378
2010-09-19	1.59346212E8	243026	5749.501156254886
2010-09-20	2.12049697E8	336636	5722.651481125014
2010-09-21	2.68773636E8	381698	5698.458978040231
2010-09-25	1.12942887E8	162593	5784.2600050432675
2010-09-26	7.0835052E7	197033	5655.369780696635
2010-09-27	6.8134422E7	79281	5679.378211677451
2010-09-28	1.20028969E8	137271	5694.965061812036
2010-09-29	1.27106313E8	136832	5668.28590534378
2010-09-30	8.0804823E7	90311	5655.736178317148
2010-10-08	1.48871097E8	147255	5715.003293606329
2010-10-09	2.76962831E8	371742	5870.840335501503
2010-10-11	1.91652538E8	286874	5906.782437585839
2010-10-12	1.94856059E8	273008	5910.471499003692
2010-10-13	2.22729279E8	260358	5957.698330759954
2010-10-14	2.3090409E8	239310	6058.039709999583
2010-10-15	2.18544194E8	281066	6141.236737990365
2010-10-18	1.84256312E8	220484	6189.422529525952
2010-10-19	2.160744E8	248285	6313.664228608252
2010-10-20	1.677015E8	154048	6364.688493196925
2010-10-21	1.84593464E8	192234	6433.010060655243
2010-10-22	2.29014111E8	326563	6489.393724947407
2010-10-25	3.4994828E7	46515	6665.235106954746
2010-10-26	2.56116219E8	468553	6829.544864721814
2010-10-27	1.94675433E8	262986	6796.259838926787
2010-10-28	1.54578844E8	187636	6949.798061139653
2010-10-29	1.68754535E8	199668	6735.551585632149
2010-11-01	2.36526857E8	294732	6705.059464191198
2010-11-02	1.41268899E8	161337	6850.724285191865
2010-11-03	1.2794988E8	157544	6934.733788655868
2010-11-04	1.87372813E8	215079	6879.026134583107
2010-11-05	4.0830238E7	60874	7218.753408680224
2010-11-08	1.70396089E8	210920	7013.790565143182
2010-11-09	2.18389404E8	285898	7138.450580276882
2010-11-10	3.81337771E8	430495	7178.936740264115
2010-11-11	4.17207353E8	391360	7086.66668284955
2010-11-12	4154063.0	6632	6961.543727382388
2010-11-15	6296982.0	5546	6816.347277316985
2010-11-16	1.29563658E8	253344	6534.70229016673
2010-11-17	1.23946672E8	242410	6230.7826451054
2010-11-18	2.25543972E8	278066	6190.114260643157
2010-11-19	1.45737543E8	160669	6364.381791135814
2010-11-22	2.32769629E8	361772	6249.787963137003
2010-11-23	3.40844825E8	406931	6249.717490188755
2010-11-24	2.26055537E8	253267	6385.132646574563
2010-11-25	1.66250613E8	200156	6412.752787825496
2010-11-26	1.58041773E8	186969	6287.645363669913
2010-11-29	1.78315721E8	192759	6339.110832697825
2010-11-30	1.76138686E8	184978	6430.8721415519685
2010-12-01	3.17446688E8	414393	6532.063374622641
2010-12-02	2.3954346E8	340300	6607.388463120776
2010-12-03	1.65868927E8	169510	6634.990543330777
2010-12-06	2.15092878E8	325726	6584.373077371779
2010-12-07	1.23805162E8	128892	6565.0938925612145
2010-12-08	2.32232027E8	234924	6501.795512591306
2010-12-09	2.25975806E8	184670	6503.576623165647
2010-12-10	1.33784535E8	129224	6533.95685012072
2010-12-13	1.88846671E8	204816	6550.728878603234
2010-12-14	1.83067465E8	195638	6618.11593350985
2010-12-15	2.0223392E8	238234	6552.595561506754
2010-12-16	2.39246649E8	249728	6598.298556829831
2010-12-17	2.43880552E8	271920	6664.815839217417
2010-12-20	2.06090045E8	286986	6820.496522478448
2010-12-21	3.23889112E8	361393	6843.028467623889
2010-12-22	4.70049174E8	749485	6943.354863673056
2010-12-23	3.68285103E8	385801	7032.871306709936
2010-12-24	2.3908538E8	249268	7134.960680873598
2010-12-27	3.71165209E8	472086	7167.180371796664
2010-12-28	2.83204324E8	290523	7209.863208764883
2010-12-29	3.97634418E8	438366	7235.095406578065
2010-12-30	3.7795494E8	475264	7161.569935867224
2010-12-31	3.15251192E8	705253	7003.015656792669
