2013-01-04	6.3262614E7	111732	5569.302044177138
2013-01-05	1.59173659E8	214744	5640.8604850426555
2013-01-06	1.25579336E8	198683	5648.714439584665
2013-01-07	1.32476647E8	256071	5655.4150450461
2013-01-08	1.25470596E8	163055	5690.601655882984
2013-01-09	1.22194767E8	155592	5662.158530001542
2013-01-10	9.961502E7	106050	5661.94251768034
2013-01-11	2.00063254E8	286529	5608.140659409693
2013-01-14	1.36381926E8	192992	5594.823666265959
2013-01-15	9.3393007E7	98870	5563.149671285527
2013-01-16	8.8759034E7	100902	5568.971725040138
2013-01-17	2.10173399E8	239162	5536.846936386215
2013-01-18	7.0874806E7	89450	5537.3046394633875
2013-01-21	1.58790052E8	197281	5499.991053370573
2013-01-22	1.71904928E8	272002	5480.39201917633
2013-01-23	1.27368954E8	192269	5431.285547852228
2013-01-24	6.7625036E7	84617	5436.876407814033
2013-01-25	9.9908413E7	145473	5419.435070425439
2013-01-28	2.24032699E8	491260	5343.851624394414
2013-01-29	4.6837694E7	52545	5347.41212294224
2013-01-30	1.39864445E8	234557	5372.137569972331
2013-01-31	5.8475254E7	83396	5419.262170847523
2013-02-01	8.6133596E7	139904	5447.673854929094
2013-02-04	5.7773805E7	78270	5431.910680976109
2013-02-05	6.9165385E7	112614	5403.514207824959
2013-02-06	2.885132E7	31841	5426.998021418925
2013-02-07	9.9494189E7	175332	5384.116213811511
2013-02-08	2.8961263E7	38383	5404.416851210171
2013-02-17	1.27112295E8	243447	5392.867967155069
2013-02-18	9.9013918E7	158212	5395.998634743256
2013-02-19	8.4185304E7	159549	5377.771549806016
2013-02-20	9.4207614E7	191821	5405.544429442032
2013-02-21	8.4604819E7	149335	5429.005102621622
2013-02-22	9.2878863E7	155822	5459.502541361297
2013-02-25	6.8530655E7	126288	5464.088836627391
2013-02-26	1.07115432E8	150653	5433.620996594824
2013-02-27	5.8244665E7	74465	5435.067723091385
2013-02-28	7.9493534E7	154647	5462.236868481122
2013-03-01	5.1007416E7	70699	5462.05594138531
2013-03-04	6.6903355E7	108008	5430.20942893119
2013-03-05	5.3626296E7	90217	5444.900240531164
2013-03-06	3.426118E7	56028	5434.4810808881275
2013-03-07	1.00441452E8	177046	5413.706934920868
2013-03-08	4.4580116E7	46040	5440.422263249348
2013-03-11	2.8982716E7	61862	5446.353852122466
2013-03-12	6.0063582E7	143175	5446.383810022699
2013-03-13	3.255856E7	56216	5439.68962572933
2013-03-14	9.801793E7	195142	5413.741875147329
2013-03-15	2.2426491E7	32780	5435.340939597316
2013-03-18	5.2296399E7	100185	5443.2313719618705
2013-03-19	4.0019606E7	45857	5448.895086900582
2013-03-20	1.09116079E8	218727	5504.929830336447
2013-03-21	9.9795045E7	178620	5537.247699025865
2013-03-22	1.35159719E8	172006	5528.065044242643
2013-03-25	7.4243449E7	116936	5520.524911062462
2013-03-26	1.33855684E8	173755	5480.261327731576
2013-03-27	9.8369296E7	182187	5470.459945001564
2013-03-28	2.60529527E8	523346	5456.017128247851
2013-03-29	1.80879501E8	287397	5433.8169744291
2013-04-01	2.0997638E8	418221	5397.150391778509
2013-04-02	4.178747E7	50708	5409.680129368147
2013-04-03	9.786043E7	141150	5409.538646829614
2013-04-07	3.1600879E7	26374	5427.675362099037
2013-04-08	1.12994917E8	137110	5440.477704033258
2013-04-09	8.7265062E7	184154	5455.025598140686
2013-04-10	4.3984092E7	74830	5447.895563276761
2013-04-11	1.16225766E8	185765	5447.933502005221
2013-04-12	8.0886372E7	158671	5424.304031612582
2013-04-15	1.39339699E8	605498	5432.187402765988
2013-04-16	1.18959289E8	248863	5413.536813427468
2013-04-17	1.00510059E8	172362	5440.0663487311585
2013-04-18	7.4093927E7	122971	5434.780753185711
2013-04-19	1.4027539E8	255502	5418.522320764612
2013-04-22	2.65520033E8	487266	5341.240583172231
2013-04-23	2.08594682E8	367120	5290.601307474395
2013-04-24	9.7411027E7	153141	5275.834440156457
2013-04-25	9.3404616E7	178109	5233.578516526397
2013-04-26	8.5436769E7	199740	5312.596205066587
2013-05-02	1.49930494E8	387533	5245.704894808958
2013-05-03	8.0618568E7	165277	5287.04704828863
2013-05-06	4.4349186E7	117922	5318.716397279558
2013-05-07	4.6417479E7	81311	5325.0217190786
2013-05-08	6.1841108E7	128933	5326.465800066701
2013-05-09	1.03079613E8	207019	5300.141769596027
2013-05-10	3.8916179E7	78044	5330.828917021167
2013-05-13	1.42722944E8	450625	5332.441413592233
2013-05-14	9.3087434E7	288136	5323.253526112669
2013-05-15	1.19050243E8	232741	5269.836612371692
2013-05-16	5.0057635E7	83272	5303.540061485253
2013-05-17	6.3046514E7	162203	5271.351639612091
2013-05-20	1.49294869E8	322869	5273.727118428837
2013-05-21	9.783304E7	249375	5193.50689122807
2013-05-22	4.7109328E7	116277	5263.158371819019
2013-05-23	1.52774141E8	324905	5207.399824564103
2013-05-24	5.6272241E7	107729	5220.379572816976
2013-05-27	6.0359488E7	109945	5168.18647505571
2013-05-28	7.253755E7	178384	5209.962855413041
2013-05-29	1.10434177E8	262648	5176.69979973196
2013-05-30	9.2326588E7	177638	5141.296563798286
2013-05-31	3.4575846E7	75332	5141.2519779111135
2013-06-03	4.2335703E7	68919	5175.219213859748
2013-06-04	9.2272474E7	242057	5159.027394374052
2013-06-05	6.8523876E7	220369	5199.505316083478
2013-06-06	4.9746658E7	85539	5189.026490840435
2013-06-07	5.2603294E7	118491	5211.9676599910545
2013-06-13	7.687512E7	163091	5101.153166023876
2013-06-14	4.3405816E7	99801	5174.3797356739915
2013-06-17	1.4552636E8	329379	5209.249681977297
2013-06-18	4.6460701E7	72646	5244.864947829199
2013-06-19	8.7960464E7	208487	5258.01193839424
2013-06-20	1.24952615E8	316797	5262.29475973573
2013-06-21	1.03318608E8	213530	5209.394272467569
2013-06-24	4.8792469E7	90949	5207.583854687792
2013-06-25	6.9885476E7	156770	5182.785871021241
2013-06-26	5.9214752E7	109151	5085.513765334262
2013-06-27	4.7425688E7	89514	5143.859351609804
2013-06-28	4.2607744E7	134185	5155.812125051235
2013-07-01	6.9903186E7	142119	5234.936412443093
2013-07-02	5.8900838E7	103713	5277.323990242303
2013-07-03	8.0228823E7	181752	5296.1981216162685
2013-07-04	1.75660306E8	386883	5091.155871413322
2013-07-05	1.47215255E8	217551	5090.247546552303
2013-07-08	8.6518424E7	173916	5137.949929851193
2013-07-09	1.49061204E8	227421	5039.972742183
2013-07-10	1.12371033E8	212448	5003.6526632399455
2013-07-11	1.43583663E8	254326	4973.862672318206
2013-07-12	9.8947508E7	168470	5049.361085059654
2013-07-15	1.22512637E8	253635	5098.55661482051
2013-07-16	1.27703627E8	180536	5026.454624008508
2013-07-17	1.06597843E8	195239	5120.46560881791
2013-07-18	8.4100297E7	172526	5078.7508549436025
2013-07-19	1.82501637E8	312499	4970.232842345095
2013-07-22	1.7851202E8	274866	4915.826184395305
2013-07-23	1.6999524E8	223473	4959.404129357909
2013-07-24	1.55969631E8	220266	4919.187677626143
2013-07-25	1.83983612E8	284246	5002.160533481562
2013-07-26	1.30282001E8	199796	4963.886934673367
2013-07-29	8.8026583E7	165486	5033.8816032776185
2013-07-30	2.28541876E8	366747	4966.658058552626
2013-07-31	7.7037836E7	111485	4955.2692290442665
2013-08-01	1.85514438E8	320101	4892.945967054148
2013-08-02	1.02106679E8	139525	4969.885798244042
2013-08-05	3.9595691E7	53402	5088.352514887083
2013-08-06	2.0585433E7	37860	5125.681801373481
2013-08-07	2.5181607E7	34208	5115.721556361085
2013-08-08	6.3208946E7	105415	5013.6618128349855
2013-08-09	5.7189959E7	84626	5048.34427953584
2013-08-12	1.07276861E8	279368	5161.7543562612755
2013-08-13	1.00447046E8	241951	5277.236031262529
2013-08-14	7.0689829E7	119719	5236.151688537325
2013-08-15	1.00506343E8	153767	5207.581529196772
2013-08-16	8.6134468E7	152809	5211.591202088882
2013-08-19	7.4245385E7	143448	5194.18951815292
2013-08-20	9.5865268E7	178869	5202.703492500098
2013-08-21	1.93645026E8	540118	5277.942819902318
2013-08-22	1.07074416E8	215222	5204.414330319391
2013-08-23	5.7072503E7	132082	5201.339410366288
2013-08-26	9.4090951E7	235361	5235.242227896721
2013-08-27	4.4986674E7	72362	5122.040891628203
2013-08-28	1.3476658E8	317657	5246.855258974302
2013-08-29	9.9316677E7	192585	5278.27661552042
2013-08-30	1.56278993E8	322577	5162.966414220481
2013-09-02	5.818754E7	97503	5183.806580310349
2013-09-03	6.7036088E7	136720	5180.910744587478
2013-09-04	6.2637401E7	117490	5154.062073367946
2013-09-05	7.5450971E7	178007	5233.39952361424
2013-09-06	1.79549173E8	553368	5142.77194380593
2013-09-09	8.8412169E7	177983	5238.758145440856
2013-09-10	4.9021922E7	100166	5233.852804344788
2013-09-11	9.0154371E7	245300	5257.778275580921
2013-09-12	5.3228467E7	95382	5219.111761128935
2013-09-13	4.1530466E7	78610	5272.0293474112705
2013-09-16	1.86432419E8	438994	5216.546041631548
2013-09-17	1.3340668E8	245623	5213.511519686675
2013-09-18	9.7104749E7	181877	5157.1675033126785
2013-09-23	6.8038796E7	148919	5123.6178728033365
2013-09-24	5.0172028E7	81901	5240.7235564889315
2013-09-25	4.6326184E7	87798	5224.436353903278
2013-09-26	5.945555E7	104362	5225.9482953565475
2013-09-27	4.4952824E7	104978	5248.580683571796
2013-09-30	3.5984447E7	66238	5207.513330716507
2013-10-08	1.09595676E8	262611	5186.208521349067
2013-10-09	4.1188994E7	68743	5185.807180367456
2013-10-10	1.05745599E8	197448	5263.797546695839
2013-10-11	8.9644825E7	127569	5258.850206554884
2013-10-14	1.28271026E8	189522	5310.809119785566
2013-10-15	1.12631106E8	165895	5358.967732601947
2013-10-16	1.19547677E8	206033	5323.636805754418
2013-10-17	9.7077182E7	203908	5368.3637964179925
2013-10-18	1.13608181E8	193175	5283.099919761874
2013-10-21	1.14729447E8	188070	5274.235928111873
2013-10-22	1.10975703E8	169451	5330.541702321025
2013-10-23	7.8573929E7	99683	5289.783112466519
2013-10-24	8.3824064E7	137619	5262.562255211853
2013-10-25	1.12836823E8	178549	5217.401693652723
2013-10-28	6.0118585E7	102059	5219.482064296142
2013-10-29	7.0529266E7	119461	5198.370037083232
2013-10-30	1.13272159E8	158478	5202.685098247075
2013-10-31	5.2926894E7	83860	5238.160422132125
2013-11-01	1.20186784E8	186547	5190.910564093767
2013-11-04	6.789446E7	129416	5202.864259442418
2013-11-05	7.3950476E7	122581	5225.737993653176
2013-11-06	7.4909056E7	125227	5190.129261261549
2013-11-07	1.21017903E8	232116	5168.428048906581
2013-11-08	1.06751371E8	227361	5173.483856070302
2013-11-11	1.85161991E8	360870	5142.437941641034
2013-11-12	3.37110758E8	799561	5138.211779964256
2013-11-13	8.5760321E7	130836	5159.53111528937
2013-11-14	3.9390539E7	48585	5165.06314706185
2013-11-15	1.80207704E8	245846	5139.9916614465965
2013-11-18	1.64436295E8	290703	5074.959181707791
2013-11-19	1.0950949E8	158043	5070.492486222104
2013-11-20	1.1730227E8	219056	5066.976407859178
2013-11-21	6.8158602E7	132530	5075.504557458688
2013-11-22	1.5244566E8	281612	5035.98362285698
2013-11-25	9.0525499E7	144531	5018.929309283129
2013-11-26	1.11859035E8	173303	5002.897058908386
2013-11-27	8.7553185E7	163921	5014.523880405805
2013-11-28	1.84265916E8	427001	5016.666192819221
2013-11-29	1.03323262E8	294637	5025.9684832522735
2013-12-02	2.0792514E8	371787	4972.52378108971
2013-12-03	7.9923245E7	119875	4957.9787278415015
2013-12-04	9.5158966E7	177481	4946.450960947933
2013-12-05	5.5800905E7	132513	4942.27573143767
2013-12-06	4.0433601E7	91350	4943.712391899288
2013-12-09	1.36031656E8	268965	4899.280977078802
2013-12-10	7.899941E7	162414	4876.276632556307
2013-12-11	7.8633388E7	114552	4886.4536978839305
2013-12-12	6.1029968E7	144455	4864.443003011318
2013-12-13	6.6818603E7	148009	4866.741468424218
2013-12-16	4.636312E7	92044	4885.654480465864
2013-12-19	5.7743002E7	108411	4871.804890647628
2013-12-20	1.04383658E8	206822	4899.711737629459
2013-12-23	5.6766066E7	82294	4882.143667825115
2013-12-24	4.1259146E7	94324	4856.292884101607
2013-12-25	5.2684017E7	140911	4856.886751211758
2013-12-26	5.246005E7	134229	4857.186658620715
2013-12-27	6.0704401E7	109232	4852.81022044822
2013-12-30	9.2391078E7	120441	4839.5396418163255
2013-12-31	1.6038023E8	303575	4790.219560240468
