2012-01-04	2.61772344E8	338546	6219.19506950311
2012-01-05	3.16237942E8	831251	6375.506176834674
2012-01-06	1.993538E8	286014	6362.28124147769
2012-01-09	2.625003E8	372260	6377.53254177188
2012-01-10	3.49955438E8	679073	6444.453216369963
2012-01-11	2.67060166E8	332345	6498.358302366517
2012-01-12	3.49464058E8	471274	6521.218320976756
2012-01-13	2.30753698E8	312932	6507.582436439866
2012-01-16	1.4154402E8	144182	6519.810038701086
2012-01-17	1.95700121E8	221118	6532.24856863756
2012-01-18	1.21099388E8	126115	6561.239091305554
2012-01-19	8.172308E7	69838	6570.262750937884
2012-01-20	1.55998981E8	170969	6650.544589954904
2012-01-21	1.71096678E8	190606	6704.608438349265
2012-01-29	1.31663337E8	147302	6614.953123514955
2012-01-30	1.74951864E8	173972	6636.490636424252
2012-01-31	2.14366936E8	282230	6640.926729972009
2012-02-01	9.167879E7	97200	6621.61609053498
2012-02-02	1.69542424E8	176774	6618.945925305758
2012-02-03	2.44530779E8	283078	6626.242996629904
2012-02-06	2.27058055E8	274997	6643.146961603217
2012-02-07	2.14157596E8	266817	6645.845815671415
2012-02-08	1.82463445E8	225790	6634.385220780371
2012-02-09	5.08542826E8	847760	6689.509505048599
2012-02-10	1.42985926E8	149107	6638.894022413435
2012-02-13	1.625468E8	198608	6642.079412712479
2012-02-14	1.16325714E8	173845	6671.380045442779
2012-02-15	1.98499594E8	258104	6649.962433747636
2012-02-16	1.52741254E8	209402	6654.358845665275
2012-02-17	3.28857423E8	670371	6666.827094250795
2012-02-20	1.56042257E8	177926	6669.832610186258
2012-02-21	2.05754976E8	243345	6673.543401343772
2012-02-22	3.55219376E8	409010	6683.1317351654
2012-02-23	1.50024172E8	208681	6700.000321064208
2012-02-24	1.8329284E8	187718	6655.039495413333
2012-02-27	2.88724413E8	450523	6696.907083545124
2012-02-28	2.65528193E8	305516	6712.523317927703
2012-02-29	1.7402113E8	185337	6702.3195368436955
2012-03-01	1.71534153E8	210751	6684.740850577222
2012-03-02	1.14988453E8	138715	6708.255531124969
2012-03-05	1.86291335E8	256561	6686.961011221503
2012-03-06	1.23239661E8	177998	6671.475583995326
2012-03-07	1.67804459E8	254467	6668.852424872381
2012-03-08	1.57488964E8	193217	6679.168002815487
2012-03-09	1.08290083E8	91902	6656.102152292659
2012-03-12	7.0270812E7	71770	6657.260457015466
2012-03-13	1.53713347E8	193891	6665.817799691579
2012-03-14	1.42872913E8	222641	6686.949883444649
2012-03-15	1.6388201E8	226622	6661.0154706956955
2012-03-16	2.02092552E8	230897	6722.291406990996
2012-03-19	7.2699564E7	68780	6678.042410584472
2012-03-20	1.01049857E8	106602	6660.106883548151
2012-03-21	2.33756827E8	388170	6703.128693613623
2012-03-22	8.1510365E7	85891	6671.4970136568445
2012-03-23	7.5038168E7	65091	6664.299227235716
2012-03-26	1.29101667E8	124640	6685.693019897304
2012-03-27	1.95096847E8	195290	6668.912704183522
2012-03-28	1.70412255E8	151570	6672.875588836841
2012-03-29	1.37683636E8	176634	6685.24495850176
2012-03-30	2.0916687E8	228535	6676.354050801847
2012-03-31	8.8014196E7	60305	6669.200729624409
2012-04-01	1.03921999E8	145457	6654.602886076297
2012-04-05	1.78090119E8	255625	6685.632324694377
2012-04-06	1.27221212E8	95519	6677.039688438949
2012-04-09	2.78847268E8	410962	6773.31904166322
2012-04-10	2.1097685E8	203919	6802.423418121902
2012-04-11	2.08026009E8	245938	6800.673019216225
2012-04-12	3.36855478E8	428004	6811.213490995411
2012-04-13	1.61639034E8	190107	6791.068414103636
2012-04-16	3.47451282E8	444804	6778.507488691648
2012-04-17	2.16844951E8	246349	6733.262643647833
2012-04-18	1.90812209E8	245829	6722.269435257842
2012-04-19	1.19189775E8	114632	6686.497644636751
2012-04-20	2.14339385E8	282240	6688.892743764172
2012-04-23	2.62113311E8	400999	6685.9329325010785
2012-04-24	2.39098829E8	328258	6673.341764709467
2012-04-25	1.09622025E8	129713	6682.198345578316
2012-04-26	1.68604284E8	179230	6687.935261953914
2012-04-27	3.98836333E8	823123	6647.48170565031
2012-04-28	2.97343972E8	371504	6641.934442159439
2012-05-02	2.99798733E8	277665	6619.238157491942
2012-05-03	1.58134313E8	182980	6595.0480981528035
2012-05-04	2.21660013E8	419436	6622.03873296522
2012-05-07	1.52912046E8	196228	6613.63981185152
2012-05-08	2.0872836E8	213016	6595.1237888233745
2012-05-09	2.2160478E8	235468	6525.748895815992
2012-05-10	1.64238479E8	217489	6532.183659863257
2012-05-11	2.63419373E8	385163	6419.225590204666
2012-05-14	2.22566325E8	363083	6366.742664900312
2012-05-15	1.78671571E8	250330	6387.330539687612
2012-05-16	3.69504803E8	509948	6341.724654278475
2012-05-17	2.12468966E8	298052	6369.561298028532
2012-05-18	1.5094853E8	200837	6373.82025722352
2012-05-21	1.24724076E8	154930	6379.36788872394
2012-05-22	1.5962446E8	180428	6388.954585762742
2012-05-23	3.17963614E8	505506	6263.297834249247
2012-05-24	1.47482855E8	203629	6294.991533622421
2012-05-25	1.50506616E8	180206	6291.0527951344575
2012-05-28	1.62251852E8	188302	6252.120014657306
2012-05-29	1.33727094E8	294771	6219.9422840103
2012-05-30	1.38921336E8	224341	6257.28937198283
2012-05-31	1.55835602E8	185434	6271.016528791915
2012-06-01	3.38925503E8	459307	6224.03151486914
2012-06-04	2.90902839E8	351345	6121.762384550798
2012-06-05	1.25869496E8	265910	6167.480843142416
2012-06-06	1.5383341E8	200809	6178.280888804785
2012-06-07	2.19521373E8	327497	6219.401469326436
2012-06-08	1.69158422E8	197939	6152.424605560299
2012-06-11	2.30581495E8	350773	6135.3718102590565
2012-06-12	1.41569013E8	189537	6165.452798134401
2012-06-13	1.85341996E8	285947	6012.441858106572
2012-06-14	2.63873613E8	393035	5942.573200859974
2012-06-15	1.05563532E8	173128	5981.310527471004
2012-06-18	1.39406015E8	219976	5940.400470960469
2012-06-19	1.97482406E8	378947	5879.828089416198
2012-06-20	1.34085897E8	271720	5931.194225673487
2012-06-21	1.46008719E8	269274	5938.934260270208
2012-06-25	7.8258922E7	129824	5910.594705139266
2012-06-26	1.89652826E8	335944	5979.13790393637
2012-06-27	1.09972939E8	159685	6013.887829163666
2012-06-28	7.6740704E7	109935	6041.68472279074
2012-06-29	6.0975129E7	103454	5961.701712838556
2012-07-02	7.4529855E7	103258	5992.75168025722
2012-07-03	1.21640883E8	195530	5989.908218687669
2012-07-04	1.19532163E8	210768	6095.38580809231
2012-07-05	1.3310286E8	212022	6072.227080208658
2012-07-06	6.8501657E7	82790	6058.532685106897
2012-07-09	1.35557372E8	219802	5993.138310843396
2012-07-10	1.15641158E8	152388	6050.668707509778
2012-07-11	1.17476881E8	162387	6023.10776108925
2012-07-12	9.8913589E7	129974	6025.751396433133
2012-07-13	7.1675259E7	85720	6018.481299580028
2012-07-16	8.9844258E7	110503	6010.400821697149
2012-07-17	9.8479672E7	123844	5941.014905849294
2012-07-18	1.06127029E8	149973	5891.180652517453
2012-07-19	7.7338346E7	83656	5883.936203021899
2012-07-20	1.19151253E8	163912	5847.669163941628
2012-07-23	1.18536153E8	171866	5803.844803509711
2012-07-24	1.61266E8	364289	5687.651809415052
2012-07-25	1.25831679E8	241346	5727.662704167461
2012-07-26	1.68551795E8	324321	5615.421489820271
2012-07-27	1.02513279E8	180869	5597.941460393987
2012-07-30	8.1004193E7	126779	5582.083586398378
2012-07-31	1.41548851E8	265424	5499.253518898065
2012-08-01	1.03460899E8	422249	5478.181771892888
2012-08-02	1.17607654E8	331232	5505.416674717419
2012-08-03	9.4439931E7	281814	5481.194191913815
2012-08-06	9.2513279E7	219825	5490.304928920732
2012-08-07	8.8001249E7	167038	5548.956381182725
2012-08-08	8.3389712E7	123901	5466.820227439649
2012-08-09	1.32936269E8	279896	5564.707870066025
2012-08-10	1.26524002E8	201676	5586.180026378945
2012-08-13	1.06830047E8	198230	5478.121106795137
2012-08-14	1.06808108E8	181779	5419.405288839745
2012-08-15	1.04487985E8	332469	5466.923791391077
2012-08-16	1.28693342E8	268650	5632.813381723432
2012-08-17	1.63627805E8	385632	5624.521678698863
2012-08-20	1.01378911E8	164262	5701.957446031341
2012-08-21	2.16512658E8	422273	5695.6798563962175
2012-08-22	2.68104934E8	427371	5737.963605392037
2012-08-23	2.12205814E8	337672	5630.28917707124
2012-08-24	1.20589022E8	236026	5611.26462762577
2012-08-27	5.4087993E7	57608	5584.906315095126
2012-08-28	1.42453684E8	232933	5463.0477004117065
2012-08-29	1.75916498E8	340278	5419.966113001722
2012-08-30	2.40125046E8	550083	5445.691868318054
2012-08-31	1.20232603E8	209440	5516.367002482812
2012-09-03	8.7961562E7	165793	5483.051148118437
2012-09-04	1.18713075E8	238365	5431.051794516812
2012-09-05	7.4509299E7	131287	5396.206166642546
2012-09-06	1.08063133E8	216523	5357.196200865497
2012-09-07	1.20991293E8	172501	5414.350421156979
2012-09-10	3.84724346E8	482448	5442.595365718171
2012-09-11	2.10045082E8	316390	5505.007835266601
2012-09-12	1.99519398E8	340294	5567.564364931501
2012-09-13	8.1299865E7	148697	5442.677316959993
2012-09-14	1.59016738E8	294432	5520.829722992066
2012-09-17	1.32960548E8	200320	5623.55946485623
2012-09-18	1.78889546E8	275731	5532.707276294649
2012-09-19	1.31068305E8	214457	5499.764031950461
2012-09-20	7.6127677E7	105154	5614.579673621545
2012-09-21	1.43273703E8	224182	5465.989628962183
2012-09-24	2.23727892E8	360878	5333.6347851628525
2012-09-25	2.19198841E8	316578	5278.890734668865
2012-09-26	1.6448323E8	258242	5285.206666615036
2012-09-27	1.34276265E8	223059	5276.716501015427
2012-09-28	1.003756E8	211950	5300.841240858693
2012-09-29	3.1225828E7	36794	5314.305593303256
2012-10-08	9.075749E7	108135	5347.941868960096
2012-10-09	1.0160767E8	170418	5448.04209062423
2012-10-10	1.09906118E8	184289	5421.2227099826905
2012-10-11	1.1283728E8	137452	5488.218912784099
2012-10-12	1.01936252E8	132978	5477.460113703019
2012-10-15	1.29012234E8	212452	5457.408040404421
2012-10-16	1.47504347E8	315275	5451.103033859329
2012-10-17	1.44895146E8	191035	5584.986337582119
2012-10-18	1.71655076E8	267839	5551.311138407775
2012-10-19	1.43677924E8	210864	5433.955312428864
2012-10-22	1.00242902E8	139553	5433.855760893711
2012-10-23	1.43986239E8	177991	5420.987527459253
2012-10-24	3.3509261E7	46592	5431.203854739011
2012-10-25	6.2635849E7	97820	5471.477550603148
2012-10-26	1.42373649E8	203756	5387.716479514714
2012-10-29	9.5210673E7	107204	5352.7616040446255
2012-10-30	4.5723307E7	74519	5425.912425019123
2012-10-31	3.43496E7	49026	5428.2816464733
2012-11-01	4.8340834E7	48910	5369.990901656103
2012-11-02	5.5878553E7	70277	5383.982625894674
2012-11-05	9.7510077E7	131187	5360.097967024171
2012-11-06	1.38745883E8	254751	5460.6752475947105
2012-11-07	1.06234509E8	126225	5410.73981382452
2012-11-08	9.2867161E7	103177	5447.686247904087
2012-11-09	1.34384795E8	164017	5483.900851740978
2012-11-12	1.59728782E8	219694	5360.275182754194
2012-11-13	1.13963841E8	96822	5406.364607217368
2012-11-14	3.93031968E8	636692	5410.017608199883
2012-11-15	2.54594882E8	306656	5459.262313471773
2012-11-16	2.60310667E8	340080	5495.153443307457
2012-11-19	1.25593955E8	174523	5577.130544398159
2012-11-20	1.55627991E8	204632	5556.807786660933
2012-11-21	7.1725427E7	73550	5551.20390210741
2012-11-22	9.258895E7	114778	5596.165641499242
2012-11-23	1.20324517E8	143589	5636.880450452332
2012-11-26	9.4727493E7	143285	5584.613993090693
2012-11-27	1.11580739E8	148385	5454.574114634229
2012-11-28	8.8921709E7	82513	5517.465029752888
2012-11-29	8.5213254E7	98237	5413.738245264004
2012-11-30	1.15173066E8	136395	5457.88204113054
2012-12-03	1.09993733E8	120098	5478.183400223151
2012-12-04	5.5646339E7	69336	5513.924281758394
2012-12-05	5.10376E7	66436	5532.920630381119
2012-12-06	6.8371126E7	93633	5490.573483707667
2012-12-07	6.9464506E7	69961	5508.055245065108
2012-12-10	6.2507309E7	105641	5478.502219782092
2012-12-11	5.741014E7	59032	5518.069707955007
2012-12-12	4.3642269E7	45755	5515.70953994099
2012-12-13	4.0927859E7	44562	5505.817198509942
2012-12-14	8.7218093E7	130966	5546.424698013225
2012-12-17	1.01131209E8	137955	5591.051168859411
2012-12-18	6.4859532E7	192263	5580.444193630599
2012-12-19	4.4866528E7	179736	5573.045744870255
2012-12-20	3.1713329E7	46492	5577.638088273251
2012-12-21	1.02610101E8	137573	5564.847629985535
2012-12-24	2.9736799E7	43391	5570.790670876449
2012-12-25	1.83847019E8	266642	5552.816191747736
2012-12-26	9.9340849E7	155530	5567.682755738443
2012-12-27	1.06539045E8	179036	5605.544722849036
2012-12-28	5.8458608E7	89813	5557.926302428379
2012-12-31	7.2324703E7	160310	5560.38405589171
